475132
496170
677530
447793
511585
365829
621006
695703
439782
551564
465035
426385
390624
600146
492234
631767
558460
457145
567836
500781
535013
467504
553576
568417
356761
325215
275517
465444
512640
455243
462805
454835
347969
636926
409702
431584
479700
497633
454084
369870
481170
374408
500736
542583
483721
440409
551866
543245
466040
508068
660950
378123
566520
493216
522424
512119
674433
588643
620892
401041
623947
452092
534976
445023
507971
476460
497498
464556
439982
500776
593057
677407
642602
454667
545232
449312
485680
543549
598519
718812
278264
596003
566176
524352
603880
390701
353275
559675
419253
448564
468413
547561
611434
435578
386072
531739
347784
520386
592224
511104
432211
621967
640686
526425
446469
467725
474172
483507
519421
523781
397504
389498
455788
552879
483861
385242
607992
625026
516004
524178
553034
575573
628143
496851
538048
617501
584062
442375
518485
577794
548718
557117
487317
736774
418134
542342
534620
274543
319753
459477
545867
390917
392402
507320
410938
444018
395946
592133
513835
376015
288251
549412
489973
550853
473180
442409
570264
396949
443484
265208
586873
590742
443441
565315
535293
468066
542203
556751
586792
435114
393750
628774
432938
329677
474874
417477
648896
533820
302890
536812
479531
452195
454306
545147
566781
597507
644169
621852
478265
611012
661028
398340
652526
531720
520286
478433
651372
630618
481883
503302
524591
587582
515835
625684
517880
631740
510552
469906
490906
371197
583826
339656
499735
433808
426979
372911
586980
493692
642257
531280
437446
450140
465844
462498
502067
384318
537490
478205
469983
592311
507031
491790
542886
645097
555214
508633
537117
414492
416194
567476
364158
546063
608366
530335
495711
578592
477098
345838
662540
502486
503881
600888
458271
462319
543401
572056
460553
511762
397691
446259
390367
565176
358679
315059
396900
695310
533823
573603
491078
605034
480597
649986
353872
277090
479485
502117
522765
462783
470668
561724
516027
473777
622045
516866
498260
429465
572669
353711
639892
496124
407087
429937
470595
488997
439446
583899
547743
601762
506336
447966
523280
735050
557709
501572
618265
473724
568014
429413
434340
577860
523160
367578
494528
388603
437844
476266
369680
354847
574686
344689
312937
552270
444043
554892
460681
380699
550433
635772
413448
500814
511759
391058
569340
479790
630769
443087
621319
561952
389954
407027
456221
601507
538322
455575
522255
579284
552625
427171
530885
535165
478592
397135
425458
445130
692943
360502
508608
537840
360295
334590
443637
550303
481938
499557
551831
588280
497432
433764
488813
418666
526844
553944
692393
490928
664282
292543
404553
443562
560587
566733
524015
450678
547800
500269
471194
578873
587357
268946
469995
684086
658198
614034
559493
539491
494532
457252
551973
662582
398545
491498
562269
385365
492275
405683
356904
433531
588995
543469
474589
476846
591917
630659
254153
395528
554512
562601
377996
536315
479444
468168
469131
461250
388834
487333
399951
479457
507149
514483
400812
597236
549018
441787
739197
441964
523131
471654
260273
605257
424301
416698
494308
442649
432605
532798
551775
507669
490687
429638
531297
544884
498520
500813
537221
616568
453210
604177
602966
511259
599460
406867
422597
449836
399109
478958
541053
589823
526051
313538
526708
394303
385884
512500
456159
574490
534007
653351
405056
437209
384184
335221
283058
565626
428092
677776
671713
657115
541046
436069
392452
430025
467648
443023
454972
464290
559620
512837
525921
567097
550208
694142
569856
390950
448021
607317
566052
503155
355991
414319
593876
634602
638334
501094
388707
637785
636921
531437
352234
519408
487451
409347
521405
426679
512071
444963
497079
487565
588770
665962
281471
491716
482992
550227
672453
431289
453107
406346
467075
450410
514673
639084
417842
486972
569409
532928
562551
433691
549331
525894
487871
380522
551325
598431
382452
462855
572063
558099
611373
635750
432370
491171
639631
559257
550817
423614
441261
587736
466598
466839
380737
502735
380935
505387
630314
561487
654446
547827
320603
500752
519535
567589
514755
546294
508233
630427
543164
408136
551938
287256
581251
533904
391162
496054
601023
423838
585891
474027
341094
430222
686518
624245
586062
636419
565504
498810
551401
503641
558275
268548
532995
382702
604467
549700
365616
437519
681793
434643
489459
578594
494455
541766
598032
438569
531102
378124
435669
470543
636459
543720
487455
419712
414506
508894
587468
467304
345555
341777
527286
409583
386158
448727
565983
419570
538521
474532
484900
544579
554087
497430
415503
399741
522591
470369
487016
368931
359228
360461
492307
458218
612868
462274
629567
405702
475786
563299
444122
512007
553981
577521
418621
567378
497006
545991
658166
396332
511832
577475
498886
479951
693286
481593
410816
435873
386248
336249
440397
549762
662187
557338
489398
365366
595666
423800
515613
648173
664396
507826
613657
610362
583470
547786
280465
416870
483907
375129
392659
440661
446635
528487
520592
530303
390915
505797
500895
547560
549972
484512
475530
483018
525004
686299
445251
413401
330670
575370
289433
502565
495624
432407
599108
489605
501180
518200
562046
569184
534304
684454
510568
556969
491522
444022
436724
562679
429460
405425
479393
438144
529446
475789
563415
474219
525658
639389
551140
484567
579141
528867
500973
493545
368322
603988
580683
515591
434017
564277
495859
463017
465967
516748
507316
640371
670267
466270
507604
579105
506957
598106
438323
497736
453653
530126
427928
490923
380910
445828
542725
504509
624533
477272
535998
394119
425630
453373
664096
427838
430883
531612
449504
425900
508709
489053
653666
596804
546379
566396
648033
628515
474697
450165
402648
463528
380562
526891
478707
450672
441107
412455
457191
618429
334444
525141
378994
429878
762369
612417
620470
576308
601290
499498
287332
568186
469709
583688
362558
664821
403495
476716
525050
624384
625556
431369
565679
522263
512661
568192
517254
452946
362272
353444
463679
525743
549465
521398
387112
473289
632295
484436
480214
485138
461916
387334
444741
540978
342018
378500
361250
515804
441407
487007
499060
503340
507651
487444
537373
532789
455946
495331
449199
428415
500969
579023
469606
384814
585911
418554
475646
592591
295161
592141
430303
588915
587380
386173
368210
441095
418309
565348
481711
452702
400037
361709
418315
525711
525957
596412
542400
400455
328945
521101
603271
678972
558986
501601
460999
657352
493573
615742
448214
556035
416164
540164
583058
586218
575172
403780
313637
479185
281380
396614
362010
634936
550057
626940
679102
439452
434194
483139
625314
600422
546656
579465
485881
600920
417419
554190
388710
597439
415586
448867
403423
671325
465123
303345
555198
434088
583534
550071
483520
568875
426929
710291
495496
435598
532003
602594
502456
559886
563269
471089
502623
401996
446964
452988
417237
364992
593492
546054
469323
418554
530375
545903
431835
271752
533399
432971
561139
492997
461320
445160
614631
397156
441715
395834
465670
487333
421352
386380
602258
350895
764508
461702
