1
11668 46847 53453 88425 81967 4131 83810 64717 40259 98259
1
99590 6598 93883 99382 47330 46443 61180 39925 8796 54735
1
2308 84891 51203 76839 39802 26841 66481 60012 98140 98856
1
42364 58589 36265 7969 37603 48248 77183 97429 45264 76251
1
29437 53236 82017 74275 99751 76532 84247 57009 39189 78890
1
78881 73587 94354 48532 55141 66380 35743 393 31726 34387
1
53300 95566 36906 37615 45587 76143 64568 41539 43797 95009
1
55442 87880 83297 41621 74422 39802 95175 25660 74281 61471
1
23566 25112 34373 25180 89204 6853 50167 84716 50006 51419
1
35003 41799 14659 265 80570 17877 78945 99304 40654 7419
1
44504 20026 42882 35798 84027 48220 53186 33934 70663 53602
1
92163 22059 8191 94494 50756 61882 93008 27227 59770 39080
1
40468 23290 56263 24130 87668 52781 33922 39497 25918 79041
1
36816 39247 87691 76726 68576 84408 61628 18322 34651 56507
1
936 8312 48835 63689 91700 86202 7655 46539 89081 17795
1
89400 88852 67312 57869 5433 6188 22693 9117 40058 99479
1
35796 36030 39839 71789 82391 81356 43274 40601 50792 30330
1
36775 70835 13418 54871 14370 23680 27237 43006 38620 80635
1
3777 7845 83330 43431 64607 79983 92185 61095 92276 29996
1
16564 35000 28719 74258 13051 87679 45775 44326 43760 20250
1
97001 57143 10190 54884 31651 64540 56763 17933 66196 22399
1
34138 10334 40284 39344 77971 80191 21364 98850 62697 36072
1
56796 65163 74004 67282 33209 13559 14534 81065 28040 52855
1
7232 24199 29681 15164 58343 9914 48564 51918 78598 84501
1
41305 16340 70310 17627 79343 45517 82055 56313 66949 7119
1
86641 10548 95551 95519 73015 76211 22647 69778 47378 52296
1
50064 90862 50175 7757 89269 65574 29258 19008 13277 46752
1
18102 62225 53195 4169 8817 70522 46569 86217 63985 50657
1
35114 31761 37948 26542 42378 68980 17994 77864 24995 23425
1
84242 19542 78563 63243 70458 26562 24442 10191 41340 85861
1
57559 19148 33677 72808 68343 85895 13817 57925 75908 57332
1
69576 7143 59902 5424 50758 34283 59360 93488 85876 64248
1
19267 16409 4392 29436 40157 18766 55779 73410 85080 20599
1
36911 42323 23902 34043 81138 95932 22901 56996 79139 19990
1
51451 69058 10090 90682 7126 35587 11796 79380 94454 24354
1
39424 14262 45031 28509 23009 36790 45203 11088 83118 60200
1
41753 16260 86368 29714 37329 63497 81326 17246 45951 98173
1
57416 50222 38945 35255 95714 54718 89384 62923 8255 59994
1
58520 60591 30197 53332 10682 35509 47312 19314 66906 81226
1
69438 13870 48554 58752 96375 23310 27966 68046 4232 92422
1
57480 33647 10481 33839 34928 81917 61328 19563 44110 58801
1
27104 41886 90534 24252 7155 5838 25216 6073 34456 14527
1
48517 99884 58929 60131 94827 48531 96607 87283 84043 43529
1
54737 15178 18053 2166 58354 34688 54318 42050 88572 84835
1
89481 72875 25660 19661 74234 2083 70903 49387 73216 24593
1
5062 17297 61930 56282 57009 40133 50369 76129 84830 63488
1
69668 72027 3365 92205 65859 96964 38501 29354 50528 55740
1
51620 88892 95213 86254 71753 41615 82283 5814 4100 50698
1
17352 6118 13027 60237 71841 42723 90268 85977 52000 2124
1
87608 81612 57150 89136 21758 29647 86156 95950 89772 62038
1
54121 19721 34473 41278 27201 83798 98116 5397 38003 56643
1
6232 72700 48892 67432 92762 93466 53809 21103 82115 22442
1
67398 22188 66918 94883 16742 45470 38425 82738 11256 20862
1
88697 41574 9796 10724 42431 96271 41246 53896 28423 24281
1
18774 91037 20364 26506 73356 49173 41717 94933 46631 37206
1
28470 94307 82273 89983 90096 39319 82577 19002 63509 58768
1
98895 7037 39238 34109 94364 34071 56406 40094 29808 90660
1
84429 63315 75745 77809 17052 90976 72711 41362 74228 49620
1
65177 82759 26545 50196 90586 95009 42766 76424 79076 32103
1
77174 95002 73655 45932 69230 52999 36801 10755 26562 4481
1
32864 921 97438 13914 99559 35295 67336 65462 22650 25023
1
29459 80975 66140 31212 46660 95305 19172 21618 62237 46124
1
54209 77578 31138 57486 79779 12504 30126 47203 77340 57338
1
26860 63987 91881 24466 80827 64782 59555 28470 4553 52688
1
14570 45625 25646 24168 77169 57808 18511 18387 62534 6830
1
52365 67688 86731 13351 79231 36118 61767 90705 57656 31232
1
16441 65777 91777 76323 21708 28625 81418 60630 61334 51820
1
23401 49265 83159 89907 90806 83780 23634 81558 3359 94619
1
91745 31140 70809 25584 52964 30096 25175 14700 74779 46843
1
27995 3605 13838 42114 27179 73273 56027 75170 37722 7157
1
76647 9372 30 84494 90487 71477 63471 76691 54736 37872
1
20198 78844 38308 32932 58100 81931 67015 47963 40519 99419
1
9670 93408 98744 14815 94135 77481 36320 21415 12253 66409
1
68895 28154 74112 28443 25606 44757 17317 72578 96325 3514
1
35732 45188 27761 37508 92724 32082 25111 45845 45784 75671
1
27423 67063 2542 21370 99583 27658 34960 7280 54905 14388
1
43909 49364 19902 81723 71679 55824 87542 77934 13311 10322
1
40234 82761 98702 39871 48038 2793 70376 17398 35394 35181
1
74445 4131 10452 3117 27281 80337 57750 36448 17646 97616
1
87474 42971 67250 28015 3179 88581 94001 8935 98271 89548
1
92831 25015 83307 50434 66839 68086 69859 57500 47010 11796
1
45719 13572 74343 18993 15366 17640 11005 19331 86254 34512
1
18691 92016 21469 28847 73205 82794 61840 41817 49619 35497
1
44197 48004 98629 33846 52776 49707 1459 59262 92387 31133
1
71918 473 99590 62332 59831 38587 65452 54987 55723 5992
1
38608 87708 32742 29007 67440 29964 34911 1166 42994 39416
1
94995 39586 67351 91881 32504 16636 31730 26782 85520 23289
1
90332 52227 92313 35567 44511 56728 31378 84436 79894 23054
1
69327 4419 71609 95663 81633 90756 12159 90994 36994 75905
1
96516 65477 65354 6559 14419 48323 44902 97309 79874 41610
1
79569 71651 95320 15905 66707 49578 13471 33218 49999 19872
1
63040 4711 28173 70718 7308 70683 78844 25557 40185 50643
1
80653 7817 32417 96016 88390 57607 41810 18323 37091 95764
1
58953 85319 77561 77575 74016 80555 54703 38535 5718 63610
1
39928 55050 19956 82048 55641 6573 78975 7737 25071 67898
1
80006 26473 42191 32763 51675 92280 91537 28563 92102 52090
1
86416 81059 68548 40363 89265 16557 80221 56403 23081 60515
1
17982 62783 49606 7682 14325 97702 3216 30798 65954 8000
1
4816 18610 95014 25913 19271 56627 4898 48949 56485 37847
1
75242 23377 72223 57027 22016 88765 1665 24730 16128 69878
1
58922 22474 9873 23963 30168 94258 30817 6335 94744 52088
1
65447 34399 64481 25553 77051 45628 53003 59986 58653 38296
1
86862 9500 11125 9852 43287 25907 7656 97124 36347 2217
1
63854 65193 54838 47659 1457 33264 80041 87653 46789 62347
1
66158 93245 24425 27612 87907 97676 68914 18950 19174 71581
1
81882 57964 20711 41644 39292 22122 80985 47353 83856 47544
1
4875 22733 32831 23639 53211 16177 94530 59255 46698 78948
1
89348 8814 67943 90036 70711 82102 58866 71603 53553 34362
1
92444 12020 46159 53378 81844 90268 26762 98659 66567 89502
1
52322 60234 22735 90677 75108 68644 8097 23794 61085 96326
1
15752 79911 77181 41303 43559 57590 79439 77856 51650 71032
1
8299 51088 91412 69184 29160 3026 57178 67923 92508 65335
1
10587 48153 96641 56923 99832 65108 20066 1687 26553 76324
1
72867 80452 30099 78229 72164 43795 50146 73284 11048 15468
1
4305 85011 71283 49585 12881 89708 90235 16579 33841 52561
1
66401 32766 29612 30093 61799 11483 64280 69251 84155 51461
1
3687 55432 21389 73406 79322 42333 92216 7310 36284 45691
1
33770 32298 51068 9172 43788 79573 98387 1265 79402 55650
1
8020 7016 73436 69756 41522 35154 74937 9717 12818 30529
1
32166 79809 88162 13439 50314 27952 67203 89409 99619 51329
1
90452 77705 45077 36681 62500 77672 80915 46305 97312 22711
1
50865 78106 48540 35816 27199 4163 80186 6184 3659 5389
1
53243 24028 61507 89990 3576 53134 62904 27719 16161 45823
1
23380 35417 71102 93821 18732 88701 71109 94857 17868 27145
1
28650 35052 38167 53199 26858 94841 62227 23041 8513 48240
1
72273 6527 21778 25672 34676 50531 48165 87576 17145 1340
1
96670 48132 95266 9151 14702 29278 13458 26217 44008 63644
1
40664 91816 91981 84722 67096 26336 28576 69351 12624 67366
1
61657 29669 1529 88759 24469 77290 99411 6630 54496 13841
1
36854 74329 25049 17699 79068 50738 8293 97395 52803 88031
1
58456 50950 54678 32499 98618 66873 78838 98729 97338 8709
1
44843 58571 55739 14243 15834 55086 27906 92531 83834 5522
1
79269 31425 35935 3193 28269 11353 43655 66830 14240 48987
1
90953 86746 9934 51493 73331 52548 15180 40328 49834 27743
1
64258 27876 36923 7576 79884 65542 271 66371 19622 94129
1
86612 55322 96269 89964 57781 47087 92833 76976 95239 34574
1
15163 12436 29554 27283 78543 71951 51657 24714 61985 78097
1
32052 47986 31055 76693 52565 96533 12073 68560 65195 37460
1
27118 44930 37246 77399 90744 74296 29992 42981 66648 18133
1
96031 29851 29621 35039 31378 7519 33222 67895 28298 51091
1
57394 33772 88783 66930 45568 22584 38377 92870 79536 58480
1
83025 15860 22692 51209 43131 31472 7084 34411 61302 24224
1
19468 57159 34567 77630 24361 68914 40429 38515 77756 89912
1
68120 3312 13749 44695 27331 89620 44318 39917 23251 91586
1
91314 46609 31717 23313 9682 49070 17878 85651 94417 21323
1
13883 19062 91850 89303 86882 33546 57607 20097 89401 63550
1
56432 38565 53464 98769 17406 36988 4622 75617 80820 53878
1
11405 99399 95014 93064 85169 29311 97014 2435 70314 41727
1
89511 28864 84198 44260 63780 50364 72771 3174 15478 37312
1
86478 57302 38227 29952 58335 73063 10349 78306 68035 78488
1
97032 87019 47578 61663 59499 88658 21979 98419 44118 11615
1
8061 52342 75677 30008 47120 76116 18228 1985 7795 13281
1
18251 41510 35402 15021 54440 47429 89795 66437 95773 56796
1
62321 20446 13024 14379 38004 71495 94928 70979 83144 55912
1
4694 22675 92391 94390 91698 8815 32689 25642 80749 29558
1
62341 61076 67796 38045 63640 79140 42271 53698 608 12793
1
6927 96654 2728 97514 40139 26686 71027 8840 64285 80712
1
5510 28823 16375 52511 8446 47970 59550 6997 55949 94762
1
8223 83942 87180 17749 7079 39867 45125 63570 68812 275
1
13067 77614 75868 24061 92508 44483 10634 90276 70050 78193
1
67532 3334 7993 75812 5584 88052 97378 79647 11387 9860
1
6656 59663 10880 71203 1218 66507 1575 17718 5593 12147
1
33795 45289 61604 37979 73802 81201 87364 14484 33986 29367
1
46236 1413 56920 53733 59678 10754 38935 33015 57594 22823
1
67315 13411 51366 43801 974 9684 43467 85641 84097 23140
1
49719 38035 40700 96107 9077 50293 96678 79916 80825 26184
1
90061 7322 40290 1296 66247 12251 70754 6854 131 84271
1
40093 38330 58987 45086 94753 17266 53235 67294 2907 99416
1
49030 46585 59000 80870 2786 41014 46885 29172 7143 44615
1
70043 61136 31665 33332 85301 73264 47039 90169 38976 70308
1
62536 24193 31966 26658 53856 87224 17481 89938 2277 9754
1
71264 58180 49138 71813 50400 15577 25197 50973 73990 54108
1
38225 18435 21877 4286 20402 98748 86657 42000 805 98215
1
28646 87570 4918 51680 74300 52970 87038 6950 67170 93779
1
93289 88577 65693 80557 1418 46168 53636 85891 36584 85327
1
17674 12978 84394 43518 44452 65607 50030 9029 44165 38020
1
1383 5308 95963 24580 4659 72692 10402 29631 86773 86950
1
99285 71349 54216 76749 17492 40701 75937 54824 3505 45631
1
5685 76223 3099 43061 25158 6159 17149 76598 41909 97476
1
41535 58584 57762 36565 63402 46874 13009 23339 57642 51615
1
20582 59264 88104 26736 35656 72022 43563 40786 62596 49952
1
40627 13105 14434 76212 36734 94958 42605 55929 86238 42433
1
7061 77701 55898 6046 20423 58270 53443 56026 14438 7581
1
3784 60223 22843 50746 20500 67590 21071 28869 80663 13194
1
72690 43635 75795 99997 15582 84025 61108 51945 45770 91454
1
74458 68453 40606 47979 80107 47473 91102 27150 4999 36198
1
87712 14560 35944 81891 21957 14315 52468 63113 47227 74859
1
86304 10049 77952 96751 54941 52993 8411 69135 53429 83206
1
86819 69834 58087 26002 89553 57239 95869 17714 16192 61782
1
16178 76702 36423 97442 80820 35965 75688 15778 28643 43559
1
5436 2107 48078 40030 26919 3404 72993 48064 94585 48149
1
72821 25176 84908 80371 66082 69896 52210 58263 55380 54078
1
72716 49757 81843 45452 43952 24261 27966 22514 13804 24624
1
97076 99590 20456 44583 6229 63932 80280 85958 82788 49008
1
40835 3391 73019 24486 56786 72753 62025 10007 62245 37321
1
7064 18445 83584 48278 32682 23114 93301 62828 25747 52872
1
74747 56079 78169 12418 96231 42742 14850 80150 78807 87697
1
63663 11270 27578 30277 70956 7895 98795 95034 44856 69536
1
17273 91018 25691 48507 1176 97361 58315 31521 34736 30450
1
40729 35367 76707 64974 65533 95817 88696 38625 40311 60238
1
29465 70831 81556 77477 41577 58638 50465 92901 22746 75425
1
19202 4677 71090 19224 13146 82459 61084 47713 61625 53464
1
16611 73704 21415 27936 59980 66554 94012 27720 44580 52433
1
16428 92027 19384 36251 23715 47724 44290 83233 97961 80284
1
36280 54816 69676 61276 28027 78347 52940 4186 8342 57703
1
52753 49529 49468 37180 54740 17224 56086 16310 268 37139
1
55072 60985 29758 13992 25501 40045 30130 53087 28192 9515
1
3138 86140 68136 55246 83160 2553 35560 53932 88015 36651
1
71521 71558 40397 18264 94321 50700 67708 13367 83450 50839
1
21218 22758 20181 17315 57719 5202 23150 36677 34644 17079
1
40189 85574 32599 4768 60771 24859 40392 6304 38052 87607
1
8529 93994 12631 1102 73426 53650 82083 72087 49133 92997
1
92779 3452 28620 6040 48983 54166 39012 17717 99655 36210
1
52541 44773 40264 84605 76964 90464 22490 43482 12888 21619
1
6520 17017 55022 9988 96176 83047 66946 9994 15224 93910
1
58910 65523 23444 35017 78146 61886 22653 56350 83038 40790
1
27597 72294 41445 64984 96877 3984 25148 99364 67686 9479
1
4755 68585 1822 28879 80653 5268 32238 74140 53680 63346
1
88709 46444 65719 6875 15385 99418 94062 99862 24299 40620
1
11578 34458 71571 15894 39525 35586 65951 47111 70430 12819
1
22187 18638 99594 21874 8563 7587 42231 26108 47630 36066
1
1223 83810 31219 77154 1791 45771 96428 89722 64225 94014
1
7909 20342 6409 49495 20785 88461 97059 37253 5238 34848
1
92209 75926 68795 59537 69030 55470 25857 5305 24534 27416
1
51470 71125 93491 13258 7625 58458 47731 51953 72037 27330
1
66609 59836 80639 88833 52722 87385 36889 22572 10187 71804
1
58926 10616 81040 75202 88126 55293 71950 83830 36934 66713
1
26410 62658 4803 42971 54628 82652 81125 62631 47202 45917
1
44820 18247 42242 91625 46245 2394 39002 61617 33941 47228
1
96932 4686 98647 86992 84522 75918 94780 21806 4946 14647
1
99512 2320 56568 90359 11026 39990 53128 67092 11955 84335
1
10462 3635 39760 3526 31527 28665 15192 79518 30152 48670
1
57164 66950 75909 54441 71889 3494 45967 11549 68179 47863
1
75924 55353 96434 72536 85498 17239 71991 85872 80951 61330
1
72406 16269 33300 47918 19368 22503 16437 43778 66452 29845
1
16843 61154 7279 91743 86925 73368 66903 3938 10117 72000
1
99400 51985 880 36826 40233 39391 19302 49993 31382 99853
1
56376 42608 51834 430 36125 84677 19549 25339 39504 8049
1
45043 4214 31914 26626 62362 88111 23277 29395 75575 56237
1
65516 30338 85748 54666 5397 70423 11266 41207 59236 58328
1
11013 68032 78098 61084 89027 76477 82310 49876 1597 12343
1
52718 22958 57789 32361 47074 3262 28820 44173 9224 20857
1
21368 99295 41819 69362 50564 19845 59776 53880 93295 51540
1
73672 26028 78552 55718 74971 90553 825 17917 79932 31873
1
94836 62142 25352 43839 20241 69532 54394 4124 94518 8956
1
74178 80873 45850 37831 47983 42535 6678 90262 77690 37167
1
49166 63559 69761 71253 53350 89893 98962 10602 16580 30197
1
20192 41037 33713 92642 44383 89355 37156 28198 249 21144
1
29201 85024 41648 38930 93264 31687 20323 50447 71617 82688
1
23775 40468 47835 74227 79133 37498 95679 30606 2898 39873
1
6833 366 69921 25000 92790 20761 14414 16645 99149 42813
1
22547 11897 90442 12262 22149 49441 86727 25265 1984 86837
1
58314 74214 7502 75872 24418 48441 13610 3088 91963 78594
1
67441 19092 25912 18640 19288 3465 50593 22761 81099 63220
1
15418 12612 14802 46418 47389 24258 93465 6707 18475 7743
1
5320 26905 75616 42095 49218 93228 72760 43818 3695 40825
1
18467 372 25728 59440 68752 4750 90230 89031 67947 85844
1
98774 39089 39429 3739 69919 89858 87125 2240 14952 67843
1
738 29034 85277 84572 23720 99020 54367 41882 69493 20205
1
95138 61036 21233 56400 33768 6002 91564 37192 11302 97601
1
95689 81762 5108 55142 20096 37455 39765 61005 41403 86397
1
10095 11066 55954 71355 20675 98625 60392 77635 49890 7986
1
9938 86003 39762 56314 57361 45679 20235 57158 36922 53717
1
19985 73659 43753 5069 48759 46162 43246 21004 84809 48150
1
22896 64493 22452 27996 94675 2817 62831 47764 97042 34980
1
95408 74403 9300 63896 42575 26834 69359 35866 5694 37137
1
54073 36726 10838 97754 29143 61144 21236 38831 83221 34492
1
34442 6750 1823 4258 20725 95596 16813 6527 97572 78569
1
28178 46932 95894 23451 5589 60412 59622 91791 31641 53968
1
80558 39355 30060 54634 53046 1869 4197 21082 59697 17290
1
35814 37954 23981 62257 35804 8246 11107 45923 30737 93975
1
45594 98763 4363 13566 10640 96347 33621 20115 78821 81618
1
64243 14809 75121 69911 81460 80161 18159 35261 5067 48301
1
26639 78501 12682 49907 47446 44553 86860 92809 78466 21117
1
27869 46080 66383 69995 13183 83613 74773 50221 16433 76545
1
70249 30994 63608 55370 58773 30708 87862 16692 86485 42657
1
55715 86896 40593 17001 77954 92275 74387 31815 85145 12955
1
77341 35950 9314 8940 96108 47304 16264 69051 96146 97599
1
41681 36845 26259 94040 88242 72964 82993 38976 54460 12413
1
15176 25841 77064 86357 89341 86775 67371 94539 91298 93931
1
42327 64403 46335 56019 2338 95322 7340 85113 12967 72672
1
11809 23812 39780 92843 49645 50471 38198 79594 66894 56999
1
90856 48456 6105 72641 63033 82761 26759 91502 57741 8037
1
32406 36169 60274 18449 59892 33924 90721 80510 59779 2162
1
58601 88690 86997 90120 46018 47705 77186 90212 69561 94529
1
56085 49428 44971 45733 92989 24867 35088 34093 62232 93537
1
67816 43994 3691 9553 45062 20986 34692 36708 25218 97635
1
13831 49644 438 23639 9098 51669 61300 57872 13892 60249
1
98468 52072 6466 55698 30732 43945 2355 57044 35936 74284
1
75909 46382 76117 67774 19868 92003 62113 27589 38461 17664
1
43359 34771 76391 32909 66384 21145 7893 45736 24001 77898
1
47880 97616 7626 79659 19325 27184 59466 68045 87532 56032
1
29097 94459 63548 84481 77628 60744 70730 39022 28389 88231
1
47856 71446 60389 51865 29553 31420 98317 145 1113 85361
1
39897 53956 34704 10161 64601 34577 60926 47421 55886 85603
1
86997 66746 4869 11828 79618 7191 82798 11806 43706 87148
1
59825 92882 57769 26211 25047 80905 64666 99373 60184 54989
1
49151 52464 29909 87562 40950 47595 73580 42882 64973 29725
1
61336 15018 18676 1547 89989 16125 26336 90344 90661 40396
1
6072 88214 89182 57982 18857 36532 431 960 68417 62897
1
85247 39967 18251 66283 7326 91570 73971 56342 76282 65606
1
27853 18843 30413 184 9149 44004 11996 43158 18689 872
1
94978 75706 70920 44685 83561 49168 52926 83692 77907 2329
1
44728 65533 45987 60751 44629 94500 72145 9233 84977 86926
1
76526 84471 77625 46436 47810 71194 377 45201 93911 65584
1
43505 78013 55882 17845 43711 81334 35912 48700 18434 88955
1
89225 14021 48233 65489 29797 11240 65 44757 9252 34676
1
83620 75870 77209 41574 25354 21400 69741 35369 3827 69392
1
88689 10536 98424 52580 49433 92816 1307 13091 99665 66509
1
60045 20522 83328 29151 24237 29155 99972 29734 96554 62092
1
94705 14947 67964 75557 79920 83208 88206 47736 8205 17437
1
46226 93728 52912 81444 7535 22408 79825 82151 82219 53918
1
69461 18750 21528 43709 28334 59747 70215 46966 97081 24703
1
39162 68868 69427 8890 23649 7987 14719 88290 33509 13017
1
60653 560 69044 50714 70376 76785 42155 10869 76009 45797
1
28812 63453 726 81686 43727 29502 89165 39479 13722 59488
1
10834 22721 79408 17039 18601 81182 77887 61571 36861 95188
1
79374 67566 64847 82073 5734 67929 58349 34192 82317 67758
1
23075 80298 24527 1710 62102 60552 75980 19492 32444 10013
1
44759 68495 66932 10207 94319 65939 91806 61592 90354 58438
1
84667 56937 28337 68206 42500 83534 88124 48764 92682 65706
1
80619 29400 56291 26703 31713 99873 13382 52319 92494 90074
1
41553 47706 10092 81390 83726 83431 98514 83047 41443 49218
1
9401 81735 45999 75875 90146 40151 63922 46748 35023 62940
1
58425 44938 96339 39017 28004 81181 38345 38896 28727 87404
1
31913 37078 4795 85026 70650 95942 40459 58945 45020 95584
1
78637 6235 20334 65703 96368 74727 23836 78606 11227 6499
1
28874 1161 2687 96037 30818 34095 20786 68418 95339 90063
1
17767 77706 59627 49662 71177 82961 22164 63147 42831 60128
1
44736 50895 59986 16137 39965 89337 45123 25574 84299 57527
1
74750 44779 30520 17801 60925 52381 48616 41614 16170 30300
1
17718 44396 80243 43989 44186 98100 90898 74529 5344 35934
1
30415 18227 15892 45952 87986 40201 88561 2444 91174 18797
1
139 61812 50404 28758 20515 64763 96124 5915 19997 35194
1
79060 13572 49748 50310 57594 56248 90311 77153 57646 83642
1
33955 9021 34092 29051 41806 31739 37769 5344 20609 48637
1
51211 75403 95728 36798 88947 66238 37698 28086 91151 24861
1
4524 17694 30226 54928 85853 90224 98944 60525 45079 92955
1
32118 31357 59156 14787 18406 62688 93214 31191 82509 5679
1
20278 15431 84219 41894 39541 77002 34425 69896 85500 81544
1
46743 87288 70048 51543 74283 18248 83542 35203 30900 94370
1
13518 17667 75851 18826 8658 25613 67160 37688 43487 87761
1
63452 69106 93576 50139 69603 85179 94822 86404 32935 66536
1
58763 77102 7352 6990 32055 27640 85960 84855 82393 80278
1
44050 43226 678 70107 32908 72119 93384 49051 70600 49223
1
74838 97496 89386 74109 5905 50901 36677 14571 81713 73994
1
48811 46320 29444 54924 57615 27417 11526 67801 54491 10858
1
19697 87098 6537 36604 86822 13909 78791 47972 19584 81056
1
73769 43580 2742 77196 41431 18409 16920 54796 64478 67513
1
73576 23882 12067 2903 71333 62330 47331 74858 84856 65582
1
20719 28266 67909 39120 96658 670 39045 4512 2074 3023
1
39070 82745 87157 26946 12517 22621 3111 87184 7753 4742
1
81841 8754 58360 66217 33842 1371 19952 30467 82810 91634
1
95307 79102 67838 7424 64963 30457 30578 43941 32882 80112
1
23591 61510 47588 71872 44508 63774 36225 41669 60961 11027
1
68252 48870 15506 21645 61551 28949 53369 9572 51699 56272
1
67011 10408 3099 94541 72075 32852 23074 6008 64671 33286
1
51894 45816 24905 27378 78000 38506 91770 25218 26060 75168
1
39444 45021 73219 14119 93127 76166 90378 17773 82315 44228
1
65074 21101 94278 84194 93091 57294 96334 97584 87521 78801
1
61852 20175 91340 2752 1633 83776 34064 91150 27725 43308
1
68262 50743 23450 3290 86399 53545 32664 72958 12130 62890
1
39533 86318 65620 75443 68199 55423 73803 33314 67955 18034
1
94043 13212 49735 679 44506 48609 34805 65429 54851 83287
1
71749 28214 50195 38868 72576 36616 77645 75075 54933 4384
1
59097 87684 38088 70390 78996 10130 34400 49716 69838 94357
1
53983 38283 10389 46319 53749 64840 49866 45912 12449 72542
1
90986 69631 41241 12610 19519 38721 35016 92058 86116 81737
1
41031 6894 54771 25317 89640 26831 33370 17571 42254 83829
1
89040 58407 18440 90120 56165 64515 75249 45919 66081 55939
1
26928 95292 21189 58025 59052 77536 77290 76533 55744 34760
1
74378 25750 76111 57943 80406 31761 45524 41951 32521 77512
1
27734 27502 81221 66424 45511 33994 62899 26116 93579 94724
1
82455 12362 96639 97013 27676 2689 27368 8465 80181 31173
1
3220 58674 141 27972 42442 2847 69326 17779 36684 22596
1
85844 71673 45723 30101 70883 83426 16588 24966 77407 19706
1
815 11691 32647 36247 24718 54957 63226 29701 46796 78243
1
98488 95401 69460 63695 93424 4793 25182 18812 81249 73773
1
79813 17037 69730 51566 99073 41194 26427 71680 35518 76678
1
32639 18024 93567 36018 93406 29037 73193 62126 77960 33949
1
33588 73657 92493 2883 40112 32126 74599 52538 37418 16134
1
92190 34718 88176 19427 14188 23592 21856 33463 60267 16877
1
89027 26157 44957 71906 62171 57661 1670 16724 12241 3942
1
58849 481 87351 39181 69483 80091 25481 78691 4526 98696
1
74293 6746 42750 50082 39903 14074 69754 44894 34861 47690
1
68408 12449 27451 1637 65737 25665 35331 24094 18237 34660
1
42359 20461 42667 24031 90398 59251 12136 36956 98738 16654
1
76627 79084 2877 58210 56528 71946 86071 82628 54087 99980
1
72829 53283 31310 7209 20106 58520 40685 69167 86886 25291
1
10832 17938 26307 71675 66506 41422 80949 85149 55601 74276
1
50351 42904 5393 10637 61177 6622 12529 65049 23998 35046
1
79317 20437 26499 70923 36982 52097 39515 23611 84464 97282
1
50221 20808 67994 25824 25359 45321 36413 13712 24568 97765
1
89908 10818 27541 59123 45850 12528 55876 13363 62173 79457
1
74141 21348 90980 42931 98971 13149 92566 64594 37529 31695
1
32947 60012 20870 40254 95609 74873 11848 9868 42659 46471
1
66576 44926 9655 33448 37287 23533 94180 77384 1172 7096
1
48583 13730 2424 332 58395 56798 804 83207 81254 93173
1
32498 33398 56572 76731 89634 392 87780 36934 86252 61558
1
37761 25825 89158 67986 63581 28090 82931 49961 98107 19975
1
41292 45688 3914 18401 86314 69455 57987 34798 20432 66683
1
86432 26197 43722 13509 5000 43260 33560 82070 56545 1509
1
26497 84055 97561 67118 74146 1252 18588 29900 61533 94863
1
90208 26918 25922 50255 92748 75522 752 54316 25393 12121
1
69097 29714 39519 9704 51777 22899 75720 64010 84403 20378
1
36858 21740 24375 90295 75666 66350 33029 617 48492 23987
1
19370 46241 8810 82019 79132 41722 21086 29 5989 34758
1
31693 16371 63972 3395 47621 41173 48215 97478 5051 53804
1
13976 3766 63049 71213 77061 20025 60176 35560 74363 55695
1
26338 29687 57131 70145 94229 42713 94092 19565 49285 14090
1
36342 68863 74542 90425 94051 74065 57122 45177 77135 63891
1
68747 31851 68010 81169 40194 92503 60981 21795 40316 79675
1
98592 50925 99500 76078 12591 45518 6702 61490 96341 56533
1
82694 5569 52082 76883 61186 19743 13991 76696 12134 8425
1
95357 23153 33976 62456 11608 11532 71795 43007 57945 36822
1
94517 19140 43683 75866 20019 69638 71822 4171 95131 2433
1
65943 1882 83837 78054 71551 2570 18929 43699 11712 35463
1
86767 36142 35336 69062 53393 87483 19825 91164 75938 5890
1
2066 42634 62859 6877 81958 65460 93688 1486 77911 97490
1
81942 70210 85755 10450 66260 64080 62849 8279 50514 61671
1
58742 47165 79852 52039 48889 20513 71909 64433 15516 25984
1
47635 74985 23791 25265 65338 1687 76416 87454 89364 45300
1
44491 18545 68285 16427 25571 32471 74291 64918 59065 56519
1
38920 89544 61842 69489 8941 49755 19170 76356 53248 35021
1
11261 17474 87599 38592 44342 61025 58565 16772 43224 6441
1
41891 94826 55630 37328 65629 54728 6783 39718 61582 73288
1
70318 94135 30107 41673 44497 41126 30620 82364 82210 29583
1
38551 17441 95451 50306 57807 40482 95113 70890 16140 74827
1
39803 37010 10172 94070 79171 3935 60242 20342 93586 67634
1
42748 99148 3532 40584 67442 66065 66728 13434 69003 59720
1
20124 27693 90813 74874 73314 91851 71324 57866 28137 38099
1
39463 52146 58123 32603 26448 29745 79275 66966 5274 15071
1
52857 33833 827 46120 57423 14196 80275 22972 61598 89468
1
13309 77513 7583 65063 9585 58466 49515 76623 87647 2080
1
6838 6470 12768 89901 40652 10926 93896 62139 45277 46595
1
61459 48021 64495 67652 1400 1503 92908 37141 41093 56888
1
34016 45593 55715 28456 58639 46651 3503 1047 48948 7698
1
83637 38992 66826 49231 28647 85116 87751 39962 41156 66944
1
670 18573 8738 64042 6891 38065 96186 6153 55152 80504
1
5966 85544 23122 18259 82752 22480 92568 20555 83780 21078
1
72977 51749 46682 82510 3650 61393 92984 24868 69502 13034
1
16405 8084 49500 36544 13624 82309 52550 97375 37539 35182
1
28526 62611 78936 41925 58117 29862 82296 57256 88446 50807
1
86637 33018 30083 7340 3617 16187 50006 8399 38708 96595
1
63982 72673 59109 39634 27163 67284 57804 83820 49435 93059
1
86665 95220 9995 79503 69785 46527 17474 51030 90884 52921
1
13342 71010 97631 72291 72436 90824 84593 35621 61042 91268
1
89407 59603 4126 28909 87465 31809 85565 18810 39266 25406
1
67852 45037 62849 76734 63540 92406 14448 22889 46215 11867
1
20542 41994 84000 69475 32127 39934 7743 23684 7659 78420
1
5837 91727 85212 80567 3344 79225 13571 80084 20286 5394
1
18941 25529 20499 73628 68638 91273 3646 49481 3409 9510
1
85725 73306 76195 97599 12887 77725 79021 60557 88929 91475
1
29595 94975 33699 10579 88777 48327 48543 9033 63188 36864
1
68454 61628 13535 22803 13831 14448 39484 74879 72899 30958
1
19674 23727 25864 4913 12715 35678 53057 71675 11286 44323
1
60906 38283 87713 87199 5608 44161 64285 65687 76022 90399
1
9129 21730 42994 45679 14514 45985 38982 78260 31396 35923
1
12329 74889 29295 96098 89600 63956 16094 47914 17758 38203
1
97740 9358 63568 41510 30419 24480 41852 70326 22760 90489
1
76730 62465 83649 6065 62520 20929 52718 62081 55520 62767
1
65758 66925 88817 43219 31434 45485 25554 32918 86908 18506
1
18951 65372 49153 66314 54679 79112 93024 9945 37797 1259
1
19628 73028 16496 98746 62186 5047 79531 22438 82942 89123
1
72687 19176 37976 34219 99207 38965 83091 42329 44430 70185
1
27463 29200 88789 64972 5924 65674 55851 16593 10851 7025
1
79499 19573 43411 23147 36391 51794 97782 3393 11255 1194
1
62958 90958 75359 7015 31084 93647 23252 44383 95404 76018
1
10849 21246 91356 80294 71475 46373 41326 75417 14750 75449
1
97217 478 89011 90402 6924 4895 94530 19674 23232 27974
1
6254 88555 81317 4681 74957 23922 68718 96964 17105 35023
1
76706 61007 12704 2397 52335 24474 76051 89563 20196 74019
1
50539 71369 82176 5914 12272 82635 59261 50532 79617 87513
1
13745 42604 42264 75447 13267 34515 90247 80775 37258 5651
1
14852 1510 66786 99593 99517 53140 50694 40712 23030 29237
1
84898 19326 26913 36141 9463 92067 92808 24714 2182 55186
1
87847 42097 97550 81729 79368 94075 36150 28655 18191 9894
1
71176 67072 74016 11109 83925 733 47000 57852 19485 14786
1
15294 19077 78235 15592 48085 75895 83379 45012 93152 40282
1
52195 7728 73272 9040 93822 2874 6784 29304 9568 73221
1
33607 14475 89775 69025 55537 40186 7593 78707 74191 28172
1
93145 76837 75055 18227 10727 68023 34788 63543 40924 28725
1
65992 88162 31106 34491 13935 23752 8650 91515 22473 84551
1
84876 21816 43946 10573 12541 22155 1487 91795 59041 30614
1
42174 73390 77286 53036 33238 20248 85733 63096 84049 99553
1
63286 24233 59873 2228 34649 56821 74519 37766 12290 26700
1
44501 7241 30675 34324 94507 97677 67080 25081 85580 28244
1
18295 78067 90831 17603 12786 7998 92461 38209 17840 39970
1
87156 87491 89581 33787 13475 27377 25319 10294 41490 83894
1
81737 1588 45965 14122 84641 13080 10117 39462 19924 80091
1
89539 88868 87949 26459 38770 95931 44001 25068 21645 97390
1
7193 61864 77804 82689 81307 96793 9206 3175 23010 27206
1
6174 23695 59590 74977 39685 50673 85822 42186 59227 76158
1
32160 34419 18807 35328 54053 12412 58454 71193 43439 34207
1
41981 3520 16507 5891 22597 8470 80811 72877 79935 93111
1
57446 18760 42726 70238 73674 34414 23236 73636 31036 9186
1
36620 60306 50014 30088 87974 38226 71423 67496 35259 45037
1
56379 91885 87502 71402 2960 46678 72812 39800 60335 52057
1
78802 97785 58849 40994 53191 58000 78073 70630 13453 88660
1
94961 64401 48708 81394 34363 15576 48157 75924 94909 83186
1
12972 58375 54071 7534 68736 38678 25494 56389 23716 24369
1
38373 85999 74623 53127 36657 47971 22802 28950 56168 502
1
92463 74313 83378 33805 40046 21534 5283 12496 12361 40812
1
46472 57858 1935 72341 3698 61159 84197 76283 61602 18138
1
3651 10600 4210 1348 20361 56330 18131 44400 45669 28133
1
98725 26293 17994 65487 57205 18738 10971 45063 99273 57
1
11149 40227 89138 65183 7234 54821 13682 67275 14667 70288
1
36973 33452 81102 33652 13624 15932 99503 46750 44674 92505
1
12265 63249 18291 61059 69731 51083 5042 61888 6398 68529
1
7795 24047 7108 68844 80381 83255 5644 13905 77863 80410
1
70450 94464 15943 20878 5681 64436 461 47149 55726 52056
1
33175 52558 66114 94931 68481 50615 52263 1657 76663 26096
1
16976 4368 16399 19025 43561 39173 22835 55932 26682 95361
1
5014 86866 92417 74733 81658 4346 91754 75555 92340 90101
1
46827 16808 92386 4818 74676 10708 96047 73205 54682 5102
1
2020 32261 42370 10432 81987 20475 16019 17800 70786 88106
1
81217 85679 20296 46896 91123 61678 71495 23827 96291 6100
1
40037 48053 56573 37878 99991 53017 52567 87547 56795 43617
1
49002 9599 93307 5695 28415 65573 85989 17486 78594 60885
1
80931 14051 50881 65963 19926 16441 95372 9389 7698 54564
1
41189 14210 42301 16614 12970 48750 54838 61372 42534 89509
1
86414 52225 17563 54265 56958 20080 79954 89148 67748 54807
1
69631 57967 61002 70047 62087 92780 2864 8981 7357 69828
1
7063 3880 3217 94988 78217 26690 22800 20357 5679 62370
1
58274 18282 32567 49869 36350 90698 74172 56530 95295 26770
1
78331 24499 26639 51670 40729 91816 35765 7680 9952 94844
1
2921 37901 18409 39060 75971 75082 44580 33 63205 4576
1
6620 2286 88632 79046 19028 66467 67118 88435 91058 82832
1
78821 65177 83224 41740 23021 91809 51711 88085 13046 72682
1
94987 54614 70670 1901 61102 42411 3763 69666 12733 27514
1
57082 22944 28009 5926 64118 93756 76792 79113 55727 6514
1
48390 97030 9935 95090 69426 25273 38311 44182 41169 17047
1
69735 86182 67629 81548 80389 59531 14122 24483 95340 27481
1
29716 26419 12936 35314 10298 91465 72224 24556 85950 27004
1
34327 68845 93265 99387 89141 8518 62755 27770 87891 51728
1
90242 91674 48482 32003 695 66012 72298 29981 27004 66520
1
85177 63924 89855 9720 98171 42414 61819 88330 83130 68728
1
85049 41379 93909 77086 55244 66233 83640 4103 89290 40569
1
83974 48071 11351 3140 82466 62193 23532 99096 22291 88975
1
54608 9841 21383 35234 26295 22737 29555 33257 26488 40370
1
58756 30202 84664 2722 66850 77757 15215 30805 30960 52903
1
63031 84234 75994 1891 52540 74569 41451 82117 40475 78337
1
36555 17753 34241 48001 74943 53544 43071 51521 9668 81389
1
92533 37820 71569 40578 66686 14933 34190 89693 55451 5862
1
75884 81676 10933 43170 90201 68026 19348 64861 56224 57022
1
54983 54336 84894 76226 56650 90575 35349 56770 53013 85850
1
96909 86088 61111 65902 95757 87474 17882 88187 39187 12151
1
17818 98129 95510 71400 95715 72400 33862 55214 40102 47941
1
36347 30234 86302 96680 85159 69087 23383 65550 5427 9401
1
29928 35160 49519 76205 33851 3897 84809 44952 42763 41498
1
23226 51830 71705 75958 25274 87327 54348 30674 36724 80008
1
38777 97591 94025 56338 52678 94174 48970 29745 8470 46179
1
49728 74049 97069 57668 84375 17982 14745 90923 80380 82373
1
62482 72920 81022 58030 94584 49599 54679 40153 45391 55114
1
46857 29284 38874 88140 59652 64554 56103 33569 2622 84462
1
53996 23228 32910 4763 32079 88462 95360 72458 60284 84758
1
57839 93444 4241 76720 45621 46429 72764 11107 5 97878
1
18203 19809 76917 28302 71190 28913 56997 71685 2975 86496
1
86071 48843 84940 63090 93950 45032 87707 10401 72298 22774
1
76234 42648 93879 84508 52188 91773 95240 72256 78398 68511
1
52987 3966 92835 41282 95241 42372 81417 65561 7164 87582
1
74295 31889 53535 65439 52033 47531 23128 33282 97451 61594
1
258 18844 32337 56317 27315 81660 22396 89748 5236 81057
1
75421 441 42196 57758 26452 61614 57640 47558 84240 92650
1
21384 57122 29668 66721 75969 49317 87686 31496 57772 31545
1
74475 47000 631 14493 65561 52289 79090 22739 38220 78186
1
30356 46654 3281 93539 50550 81103 69359 92059 96068 15367
1
13155 71508 73405 41773 54920 30552 9012 7828 87832 38151
1
98316 52942 40682 65163 30953 5900 60036 69290 77885 42863
1
75841 58195 45395 48913 70499 10966 30861 53726 30688 45513
1
80074 30448 58686 91823 88108 16902 65382 52537 53880 20797
1
13031 9329 49255 28911 35617 94108 86018 12531 52141 57244
1
64168 7018 2810 4127 48773 82706 19433 19578 77572 36865
1
49133 57064 20486 9609 45263 97363 94607 68991 31414 35879
1
36962 11795 65529 29704 53165 95256 27784 21258 77235 14543
1
26179 24076 73956 85744 59195 90598 18814 51306 59008 29497
1
45013 86942 11463 53139 10213 1664 71146 58515 57247 48128
1
29654 80485 48218 14949 32217 95921 87314 39388 85337 41538
1
98045 4737 25016 25164 34408 24988 77688 78052 16145 83535
1
33922 18780 17843 1520 47613 83728 68551 82357 5617 93435
1
16018 778 19349 3908 84347 83917 75675 46699 62741 71601
1
17904 88319 42992 77910 2695 5163 25622 7399 37236 40008
1
63688 11621 32480 89465 92732 19522 49385 22535 41122 45968
1
12755 88687 28120 45794 74336 82405 98902 23725 71463 57133
1
26880 29115 30509 49485 47587 32827 94415 64705 26515 84757
1
53583 93667 81260 55282 31810 4127 67683 68313 25576 90593
1
57287 42447 20811 77351 10443 4565 19427 59780 143 99743
1
25538 18907 3074 79538 71238 48142 32415 17319 48586 28297
1
2134 27841 72478 3123 27210 68474 26384 34147 80024 48175
1
21299 9055 44041 32575 1518 55182 37515 21037 95325 59762
1
10114 36913 65552 77816 29998 30567 89096 18630 63383 64971
1
20759 36036 80735 70708 43055 36631 3405 10834 72480 40703
1
18714 86281 61991 74805 55098 60015 25714 24743 4357 76727
1
21119 17336 34754 37819 2500 46511 38696 50580 27693 99867
1
41091 40542 17413 71397 76243 3184 18820 88486 69538 79484
1
84957 70295 68322 91403 63515 92465 20805 2132 93051 94740
1
18663 32879 72629 66067 47714 29315 68540 52713 76295 92924
1
79923 79421 34061 23168 67957 60084 83836 21301 75274 22199
1
48387 95699 79307 84790 53339 37271 30246 83359 56577 95548
1
52551 33878 51833 12060 17725 46914 7068 64170 54142 7645
1
542 57622 5184 66258 10478 99768 33574 28251 72250 56218
1
46738 2306 44519 10803 56852 80274 84153 77195 89870 40219
1
47540 36223 20449 96959 31860 17257 63596 92266 49491 73927
1
52552 67692 69835 15321 57501 61861 87733 94211 10398 24695
1
59697 3824 67899 67701 94333 24606 273 86800 35105 73715
1
42719 65627 33481 59202 88670 69545 84182 44265 26361 82538
1
25619 70184 65419 41198 78740 94513 92902 37048 55755 11670
1
84295 74643 90046 54287 38136 81727 86828 22020 39267 64806
1
49537 29712 98923 79670 71582 46964 58386 95644 77845 18465
1
56521 19372 56009 31747 56899 528 15874 2792 36511 6417
1
65496 22436 88473 27544 98433 11787 38053 19231 18380 4012
1
71129 73069 63997 57945 37983 61070 96488 5187 47739 69290
1
52828 96086 59223 36603 97194 82111 86447 41002 63107 49784
1
97174 34967 95996 56686 74369 72344 72713 69098 82942 85609
1
13598 94059 84715 59659 69525 38813 23930 151 10510 36356
1
27397 79366 37694 87245 19906 33476 98667 50058 88602 24819
1
20278 71838 29490 79327 70765 54845 67464 13908 1254 89865
1
81560 48442 51620 7824 41759 68332 59354 85494 19309 79123
1
86003 81174 96152 80342 32267 74803 19576 44797 68071 15482
1
67834 85215 90451 57718 28003 94929 28673 62282 71919 49632
1
21039 51019 31306 65162 89325 41575 93899 91985 66861 46034
1
59938 23296 95885 35321 14330 68279 55167 83260 59076 34219
1
90969 66826 78312 41500 17262 9345 92722 15424 5646 14504
1
4460 64422 60917 37333 50475 48697 15183 99288 78699 62612
1
26897 9613 49373 14696 79527 97639 18583 13656 27113 38108
1
28500 97675 6317 82985 1993 6903 95468 60818 21575 40967
1
6184 74614 53944 81568 35770 14483 5471 74435 24271 66090
1
66915 28869 42761 67788 50458 97220 36234 35573 2149 3703
1
16107 46135 6885 29872 66578 11392 28090 23569 2682 11399
1
31534 73349 787 21501 61508 12863 19662 53030 74297 79510
1
11812 37687 8619 50107 81201 94977 34198 65981 39813 93395
1
35026 73360 37471 73671 47299 62439 48998 58295 46317 31708
1
26470 1768 20787 41031 54905 40082 28498 33924 96774 70954
1
60798 24362 2041 98162 47453 58046 61516 34317 49812 41727
1
46730 15388 19281 19972 27005 90960 20168 94893 9703 57844
1
29475 55098 60534 84406 2801 4435 34124 99688 67153 46295
1
26730 59575 3297 60750 35896 63043 71913 5928 58183 41349
1
63031 60341 95487 15505 83559 30167 33381 11055 21991 78199
1
87331 86093 46490 27389 29508 68012 28219 9390 14968 80710
1
87067 43327 64676 85217 74980 49668 65054 88074 32814 88787
1
56132 30343 16743 81494 19290 40993 26863 57595 56285 25650
1
31400 89711 25630 68614 21890 50017 8440 24061 71144 59724
1
59128 57114 70058 98468 89405 62023 23345 17540 85122 78354
1
14367 42500 69931 74421 99670 83451 85618 90801 83276 6580
1
7204 82657 48005 11583 3162 41079 84535 17855 99497 90044
1
11102 8564 57553 87892 90520 31082 86472 22097 71995 8138
1
67562 1126 14645 18832 30049 63459 91581 3413 59592 21816
1
17438 23998 79667 22436 42051 99326 26052 51945 16383 13057
1
65558 5797 66358 57285 30341 88446 68354 72255 37181 45201
1
66806 68945 63512 75820 76525 75592 37944 59000 21547 48122
1
9752 34431 89678 36896 95464 88030 13387 35039 3307 74473
1
18083 80065 67511 87358 38592 95683 63679 12657 38259 46605
1
74091 33647 48864 94007 37452 52945 94700 88640 52268 41093
1
59442 8777 76014 21511 93762 91931 20175 90211 86771 25218
1
55270 12471 80106 84976 8263 87455 70105 3179 30383 64116
1
59635 71276 11467 7462 99197 28427 38914 96055 70245 94904
1
80044 3157 40179 56912 10990 78011 31660 47609 54009 39141
1
53023 59190 9468 76575 28573 73874 40548 72048 88690 94873
1
78495 76301 28965 64338 86034 8937 13961 75873 14423 76465
1
29595 89364 54253 22389 39579 20695 27311 39025 75518 17769
1
51290 71508 26167 38360 16075 73660 62591 40637 86096 21996
1
43806 61657 3654 39867 80467 59417 89886 11619 12751 84716
1
96705 5083 34064 88351 35927 31177 7238 65816 2111 67635
1
96936 31483 71607 98657 64319 77977 59164 52419 77175 83534
1
49314 55063 63107 81485 81550 39384 66803 13268 91087 21481
1
68277 28018 3153 60111 28800 83231 38612 21978 6902 43838
1
41371 51582 49579 81537 99410 94469 91891 90794 49270 46638
1
38105 21744 42669 59255 36792 81621 67993 39372 72645 65141
1
40212 832 73883 52111 53878 76888 15076 78230 55052 78251
1
44268 7614 4308 63039 3330 93342 8975 5042 5490 13913
1
25475 83685 92086 43570 67539 26476 18571 54635 14410 12856
1
53886 33622 87095 61800 4912 62847 50388 77437 55967 36034
1
9827 81524 5343 24706 85384 36648 96963 3984 56980 2987
1
31844 90393 32385 57118 73440 65260 94281 68963 99443 54718
1
76375 11145 97414 49395 39162 29972 96398 61400 82489 49602
1
76792 4390 37545 90048 93367 50476 7783 76914 59194 47173
1
52564 53110 30652 52 36936 78613 6510 97312 92257 84443
1
92169 94204 23523 40958 15286 20031 3067 96303 13650 95268
1
20996 23324 78425 7453 58329 44689 60404 73669 17010 48285
1
14887 12012 15361 80141 47124 37384 62807 16903 21710 49195
1
9424 9123 25625 1278 49683 87832 63820 77487 28858 62329
1
7628 37561 46825 74404 81399 28694 68710 47188 11889 61625
1
19863 93035 52163 88050 81597 75601 99498 19850 58172 6380
1
33150 73610 49814 27352 23114 25664 23793 3976 60298 73557
1
566 60634 90053 26558 98728 26831 52687 40956 33256 84660
1
65715 73872 10377 80086 96242 88559 38706 47436 85047 75758
1
79227 84787 56647 91919 3989 15468 14765 76625 11123 16271
1
95836 17827 75939 71375 27758 54821 54649 53045 21854 21871
1
33698 35375 25528 33065 77461 49028 33746 32213 34904 53552
1
4850 65403 17424 4594 22665 72038 59371 55956 55573 76731
1
53217 56824 1762 61412 65560 87940 20868 77275 11679 81452
1
63156 77235 17148 93609 48318 17433 69429 49706 4736 48145
1
98047 85144 50017 45077 13088 6292 35787 8229 64021 54532
1
68922 17806 49451 99056 391 8689 30458 63779 59899 2965
1
46398 15014 91062 81235 90204 77683 75563 8967 41725 35707
1
107 17165 65301 22879 94269 63876 3401 70817 42134 76059
1
15407 30999 57219 20213 87013 90342 75219 98685 93010 48111
1
35319 73816 42805 34107 58217 4631 70491 7164 40408 92222
1
85283 87886 68741 77202 8768 25381 53099 650 32892 14950
1
25999 58686 44567 35644 64885 17987 62619 29926 41916 84227
1
86739 8436 10292 65062 91516 51788 44234 9587 96327 52457
1
68596 58263 62933 22044 51232 7531 63116 30595 46988 48201
1
37614 82411 52076 21573 51123 92754 26834 14090 60607 78913
1
46427 19743 59909 70712 74558 47931 73240 82546 80476 32144
1
9425 70532 19411 76287 81762 79466 78174 18537 12174 36727
1
4881 92464 8765 73265 5908 81476 15469 76819 3198 14439
1
2306 75608 86823 74736 60424 59441 41001 71026 74678 13641
1
26260 92026 20148 2781 19852 8962 39464 26585 31040 11775
1
69581 28220 88128 61665 61692 48013 50525 34798 42947 25461
1
47606 71332 72392 81069 28280 26630 32319 64305 67632 10507
1
15178 23817 99870 12673 70283 34219 34608 64199 90051 65140
1
26197 69612 24734 42486 51378 19831 52572 55410 86473 47021
1
34586 39184 88525 65318 1997 75280 65428 21645 93697 4553
1
67245 83844 45954 19408 81122 66223 64648 71379 28540 50444
1
53822 47861 25893 8763 19620 89818 93730 16131 63336 67005
1
10144 35455 3588 9625 78362 30692 33032 27247 81904 62688
1
60927 40156 59667 33706 60038 30033 75564 49724 83658 42345
1
13075 2569 1659 82464 63414 26237 72937 79497 67215 648
1
76447 78140 21974 90131 98848 22206 25077 35758 83436 62210
1
18079 73656 76095 9351 54030 22345 48954 68187 28399 97561
1
51245 48091 95781 81588 13268 71696 7121 18629 92483 60439
1
98217 37460 1185 57733 63354 75242 55109 51033 14352 64812
1
38888 84994 56739 29684 17164 52161 28454 42223 11325 70994
1
20923 73185 7877 17727 66046 32483 21726 94209 48197 87513
1
22153 75817 76939 18843 35760 83345 28038 85809 72011 30552
1
35210 44101 80441 19941 41858 14396 16834 1314 21331 29111
1
41813 72612 83560 19209 1946 19398 93739 56114 58221 62715
1
15936 66600 64331 56556 79751 56554 4532 84420 23229 65802
1
23173 25440 13736 79446 84049 10540 81031 53580 77042 38979
1
18574 7977 90109 54951 34319 71742 80220 55790 69224 55271
1
67844 19519 42187 84636 26879 37324 39436 10949 96063 60812
1
10291 21629 95172 6484 83116 22055 12663 14710 47912 63600
1
28385 68185 81820 10235 47332 55801 85890 92235 31545 44029
1
46327 48767 8237 25827 10506 49557 46155 7287 33766 85073
1
33745 68086 71822 57797 27850 51250 42773 62956 5027 43360
1
16096 85641 60574 44409 26912 55625 51826 35772 88757 36148
1
1461 80321 52108 14494 75920 45266 41090 64874 13181 20824
1
3534 52687 84256 11290 55726 60941 36444 1979 3980 15494
1
86246 55480 97646 1309 28001 99502 57559 41672 62526 80089
1
55211 83005 56975 47499 63480 80628 8843 81009 19929 76608
1
72959 81580 24984 32090 56870 97276 61900 99804 6545 51474
1
850 20643 55427 87490 83153 7786 5696 67838 39647 15348
1
6206 76916 33106 36567 10075 37941 16515 64649 39992 76130
1
46176 5955 45460 53429 35812 35952 45869 43237 6693 38939
1
67715 26030 30392 3560 33813 82602 58708 28503 6375 17593
1
18855 37182 89555 8683 27064 54976 99468 32636 3906 87795
1
43426 33907 26706 70535 56566 4708 17063 49761 78034 10725
1
93654 6589 11347 30365 64748 9242 84515 1316 56698 55035
1
8557 99258 62844 30122 15904 12596 19514 82039 1195 99973
1
75144 79635 18820 28835 67896 22902 90779 80160 31053 2855
1
27359 28340 29518 4693 38556 42368 20561 17222 37367 46989
1
66310 6580 38945 31531 3190 68296 68116 81710 24321 51117
1
70787 97116 26680 67843 12369 10014 88259 68186 94034 54454
1
97356 96192 91626 69315 96072 70208 37234 36326 24560 47577
1
33238 7219 66337 37425 81145 43951 48327 21643 85699 48593
1
80151 10859 30051 62397 51451 13702 3951 6617 73540 7757
1
40042 3658 2285 96191 85235 99209 65253 60628 93707 55314
1
37480 11461 90637 38640 76105 69376 39151 31268 30144 98437
1
36183 98704 4198 56476 11906 51457 78129 48469 99979 78278
1
55298 84373 90883 9175 55368 62968 11863 74707 21223 45437
1
53589 4822 92483 89705 32757 67034 91778 70737 42911 98768
1
25336 37114 2582 88686 66477 67012 56986 94412 24497 69741
1
39167 29119 8028 14297 87334 7902 30032 33173 47296 20942
1
86635 46503 89481 87183 40769 25447 68714 14194 14880 18063
1
73790 71167 46141 25192 68797 50155 73573 89918 34837 86443
1
39005 74268 16071 53545 4521 32234 30589 57816 93001 89495
1
24031 85729 73033 3925 31664 9508 84495 66977 28442 89879
1
98741 35968 19269 45962 81205 20012 837 19200 91813 73755
1
12956 84011 1399 90802 8601 20089 86217 37340 94471 86298
1
11839 71472 82236 29850 82708 47537 27248 10816 41562 70823
1
84550 76576 97699 10812 53442 11959 70800 54541 34047 28049
1
98851 76134 21299 67127 831 43224 34983 13346 82592 41796
1
92031 14164 21800 28669 19403 70203 70936 38524 59107 89488
1
58954 80107 17086 62629 83971 85243 4116 66155 4745 3434
1
68717 82043 66263 44091 53738 72811 92574 24053 54344 63681
1
35022 60450 35851 10555 95218 135 37739 22467 87806 89097
1
37728 87341 72711 9301 89612 15629 47314 58461 93855 65719
1
87073 43181 85039 6005 75906 59465 33038 18432 3378 38122
1
14445 23206 38113 3328 91943 74045 71942 40420 21031 98573
1
17674 26758 30766 83622 40973 39311 11746 84180 15021 61480
1
60390 85941 66345 97339 2872 74046 7621 71239 59988 45614
1
32259 46634 97204 15826 90858 33800 33733 27505 65984 65341
1
16769 15287 46457 85106 96368 73890 85044 82012 54613 76936
1
20979 85947 84366 13935 93967 10850 73093 50663 28784 79690
1
53615 79393 27670 3131 68588 26128 32618 75064 15162 24950
1
40403 26923 89511 36998 33973 22566 84544 15556 89949 58881
1
12315 27797 9247 46916 75728 69579 87347 6412 23981 67006
1
19323 51407 1830 65111 11389 74525 36702 60023 76065 53517
1
555 67774 68107 18843 1981 95417 71766 50253 3709 88664
1
35986 67465 1279 2108 32068 36872 25831 53350 40067 1664
1
83110 1992 46002 67273 79266 1242 67215 97805 17630 88566
1
54888 80918 7174 65667 58135 59136 86819 12775 82692 45652
1
28612 37149 45477 26608 95808 90859 28549 25157 49907 6425
1
926 62428 79233 79829 69093 75168 34374 83131 42720 41516
1
83995 26917 57841 94053 33908 44481 71808 97124 42117 52973
1
75463 82381 92319 6351 28484 6941 29386 98373 76900 93310
1
30528 9932 7729 64040 52485 3365 76963 11307 88282 69186
1
50621 39047 82038 31915 51719 74275 20715 52614 69354 86754
1
26553 41643 27350 15093 56327 74318 56320 50867 40458 4062
1
83511 33958 47733 24006 38815 81964 66339 13329 35337 41166
1
87240 87480 38884 79556 22372 64024 47289 70462 11037 79911
1
15110 42410 72218 99235 5964 72905 86367 75641 79601 7625
1
88084 20812 4867 45540 13145 61476 81563 48382 53689 48755
1
37962 57598 93984 11670 91936 1095 32953 60675 71320 35790
1
66936 16616 5046 96593 86359 27426 36121 14559 39192 68244
1
50600 31370 2847 73933 9062 24195 28005 50725 603 73752
1
23673 15906 63190 61074 85183 35619 73864 56876 65604 20017
1
45054 80129 74765 9076 7177 39136 43025 86684 5083 57641
1
66509 70811 47271 90328 80266 26761 59531 90304 56999 94809
1
66848 96511 32218 75904 57964 54536 60760 16428 55504 85345
1
76756 43345 6457 81610 30294 76066 94794 45544 60141 81677
1
36438 5664 90062 47625 86604 60432 34992 97214 81154 90418
1
5201 63765 96516 32472 41461 100000 76231 5798 23216 68931
1
45913 89645 36557 46023 68608 54856 64169 11592 62828 9146
1
35435 40718 52840 95337 4562 40953 24452 85449 20210 95749
1
21307 3384 10770 6533 83080 56210 10552 28037 4174 64059
1
21063 31093 30648 89092 507 68896 92500 23564 68384 79968
1
1742 57104 1030 25329 4164 29047 29036 37215 62709 26933
1
17818 67960 88441 41598 1053 42244 89789 19878 42221 65502
1
55357 54125 17803 11396 84852 69382 77395 29213 90882 90636
1
94294 47940 41226 60466 17148 63043 55383 16966 91601 35545
1
81241 49295 71510 2711 74002 59540 90643 71541 26689 15170
1
6768 69970 23661 84239 37018 7225 35568 72820 96552 71040
1
96711 91767 80982 86014 6887 32887 27726 37659 89693 42423
1
4623 59749 86867 85800 6420 81619 73425 65129 93406 25403
1
58842 11547 33199 99548 30562 13534 94869 91882 74843 83666
1
85061 58313 19221 69757 42447 23602 55635 14463 94340 28233
1
6631 43807 27267 14619 44151 58295 67115 60051 22912 90349
1
61615 48224 26197 31175 71119 60165 65805 74590 25048 40823
1
57612 63608 45620 2414 38978 54161 18693 23428 41703 78257
1
34199 67625 84759 20460 96277 10688 86629 88499 40740 97478
1
68056 28935 31404 64717 97977 12666 96324 83360 10302 31266
1
62055 26514 33025 87321 48697 65006 30464 78825 24120 98568
1
3961 40575 54227 70632 92407 82011 29251 98443 61736 54194
1
87455 79167 44221 63360 65864 73940 24569 38138 25753 55683
1
7285 54071 16874 97151 37806 61734 69852 78121 52712 26605
1
30315 47536 32371 54181 38687 50945 44782 90212 38431 28797
1
19847 2372 7609 56433 89419 52830 84411 93188 87056 96107
1
44809 84758 91345 43782 15966 56904 98290 46373 15801 17919
1
47945 69492 39621 17632 2589 69933 9641 44920 26178 63046
1
79453 15648 3821 68255 90181 34206 29238 9866 94126 89065
1
78145 346 52115 98555 45466 34153 91337 34709 97106 90391
1
96812 17953 30819 86115 69057 82849 86794 22158 25214 86642
1
17399 26030 41774 68144 14451 48736 61394 1221 95168 68921
1
72238 147 85141 29533 39363 29346 62912 57504 3226 517
1
70162 71079 71315 42727 56230 91493 3259 96171 5412 68553
1
78696 90555 6405 85506 31519 7745 92022 89591 8849 60497
1
99405 12689 68400 80221 34341 6332 75006 23085 35827 96136
1
80015 54633 88570 87041 46703 84683 81842 23790 19925 31653
1
31726 92256 64155 3073 55476 53829 23474 5468 71750 4265
1
29910 1236 34164 82204 82602 11555 63389 49685 61361 39505
1
69685 93642 24387 14287 48625 1701 13354 3470 14946 71898
1
25248 37630 77798 97562 70124 69425 53961 33817 22246 40024
1
51137 24672 34070 41019 68154 97948 39969 21917 15831 15932
1
17603 28490 1817 63076 44081 81107 47646 47965 22336 35324
1
28541 69728 90664 76615 545 19761 50052 70607 6655 58644
1
50306 13513 2242 3458 61437 45330 62892 91155 8770 61669
1
95435 55598 91989 45635 16852 51721 73206 87245 30732 74791
1
5184 38202 46306 59244 71972 87101 29715 10284 62769 26737
1
94396 75973 55154 78358 48886 94192 38894 73212 22567 27477
1
77436 45780 43570 8588 8200 46889 7409 15878 29591 56386
1
58557 34176 65959 59852 61430 31822 55140 12589 70243 25359
1
73469 12476 61989 57060 42386 13672 9504 93316 1626 71807
1
22734 50344 54634 7949 68973 50167 98329 65777 644 14093
1
31788 52280 66002 49244 24325 42515 23984 27420 28866 13975
1
89471 37437 32852 18131 49432 98295 3246 64851 91822 34552
1
79642 82582 6628 76596 56185 27925 48363 62660 27024 78875
1
44679 21688 52788 79914 24034 39795 47504 96285 69345 22612
1
80465 79002 84398 86203 32428 50440 42713 56775 33398 29490
1
9574 88310 42514 24696 67501 76561 64571 35606 26630 48550
1
59971 69778 26756 28177 82137 91252 2331 1257 88641 80196
1
22443 89658 24521 48673 37315 52029 77210 21389 11598 31153
1
62109 71239 61427 8949 38526 23757 19317 96526 53918 22681
1
79322 44655 25329 90050 54861 6626 83239 25490 30004 38597
1
91559 65146 42738 97143 86187 11078 6056 61193 51538 7439
1
53209 96007 74580 5359 51642 51989 51838 18049 44237 93021
1
34865 10710 94037 26840 34874 13600 69652 14921 45956 56034
1
79993 91774 153 86961 90532 17745 64009 50186 90651 95640
1
84102 52653 62620 37452 42220 20261 63911 96466 58294 9625
1
68698 1015 86374 89044 30771 77860 60981 23884 42129 52123
1
76396 92299 28963 64335 39471 12779 8264 84931 21763 99965
1
85567 29539 25908 50417 34868 67176 87793 67167 6839 95006
1
69189 94753 84451 15427 2066 19571 66185 58054 71833 81175
1
26465 81308 76922 62732 16632 63288 20251 3275 22179 28067
1
50141 86472 91824 74831 52965 69849 39756 16706 84810 35202
1
2420 5338 72218 3470 90863 66197 79679 3246 20393 82014
1
48852 67808 97390 97024 63767 79178 63831 40851 41659 40936
1
4745 12375 34341 73646 77667 95847 66427 53902 30350 1816
1
35314 47072 17001 91131 42370 71024 79077 88425 52130 31636
1
80859 22154 32912 36656 32218 13627 69774 53858 32465 30236
1
35484 39135 95797 63157 17211 3410 3151 10284 53064 43750
1
360 60302 17068 96838 68920 99917 94036 47095 22170 85897
1
91639 58425 64711 60665 65846 62888 80291 81895 24490 6831
1
94768 38534 59547 18955 1719 47591 96926 57959 85337 87566
1
44966 88029 4154 29533 31980 35330 29577 87119 3165 65335
1
48595 57998 12231 26749 56601 96964 85502 89938 1707 29964
1
80118 71388 41973 88471 8897 47851 6060 31062 35099 96945
1
37542 33942 96985 79027 33884 58475 75024 86908 50443 96427
1
8405 54971 66364 80295 84490 6035 90485 58929 33296 43106
1
14408 9563 47933 21839 43011 5178 21324 63171 85432 64738
1
18881 11246 54955 41590 84153 52276 4606 8243 31705 62809
1
25823 90459 22435 14087 72932 50159 66438 66574 87264 29464
1
21268 19363 98528 81610 18566 57395 19069 1883 76727 33837
1
62723 5021 29614 47219 23413 19937 36384 17880 25019 36927
1
16220 63951 60137 76170 84587 35321 4766 35714 37084 58187
1
76056 16770 42032 46106 24830 14283 36240 92651 24477 99721
1
92896 6141 52958 76982 73189 48498 95616 53593 64953 94907
1
81669 91471 26084 58104 81962 39584 3897 44459 74452 42568
1
92391 11879 96373 47343 12382 25614 64150 29652 33438 30938
1
78350 25700 90725 70758 92498 38559 62489 21708 79368 31835
1
31026 48098 50623 60371 95810 11326 31565 35521 96078 12959
1
85356 3113 84152 33064 40118 65635 6790 7607 3610 9940
1
3849 90918 43344 91951 71120 80844 98600 74661 52846 40468
1
48143 32043 69698 29093 85199 41811 44021 47112 31451 94233
1
13908 29427 79636 27885 60087 67015 59751 16358 10 50372
1
45713 47441 82475 88502 56372 74993 52407 22835 7296 82351
1
89751 65734 81065 87884 89168 7336 54893 61967 33228 86866
1
29149 40758 81928 66745 21814 94046 13297 5862 12424 31633
1
89332 53592 60475 87974 30378 29414 7821 74069 86856 41615
1
69208 64975 67676 66175 78546 12651 38599 45998 4567 13584
1
22848 55806 39862 95978 59611 25844 46282 70261 39604 33530
1
77338 25971 66491 86297 78465 86925 83211 24281 32892 24182
1
87124 64655 52945 13494 93415 81839 54372 79306 47879 53684
1
55076 52717 21775 9013 14045 18769 9611 18084 29560 27417
1
86787 65568 82009 87079 25646 54107 12396 70666 51285 94828
1
30170 8255 19691 34120 17256 57616 63337 94275 60096 35447
1
24031 41591 19798 97660 94345 13774 43977 50176 62716 30019
1
58133 83579 82362 85231 50967 40372 54890 52119 23812 48370
1
41198 27535 44334 16740 31182 14896 97745 64713 11955 82322
1
39694 88070 44940 64172 39502 22258 88211 82626 46996 69170
1
45346 91307 84721 79962 3601 58946 16809 87513 62448 24405
1
43719 89901 18404 861 21576 83361 41230 49483 82633 92894
1
50450 72758 10590 83193 55010 93130 50559 82152 50159 16578
1
92746 25577 88314 91248 75780 12811 1238 47778 82649 47069
1
80008 40189 25439 92727 53639 51545 39115 54271 8050 42057
1
8765 74771 98720 66176 36251 90539 71718 99863 8605 49552
1
65375 6497 24137 55695 29967 2786 7003 14182 28930 43364
1
71431 33215 14191 9280 97505 57335 13453 54817 64240 1161
1
90833 9343 2289 73620 47581 65761 61442 20569 47961 18936
1
71686 2828 2465 57531 72446 86678 79796 25684 99732 49246
1
12898 53734 90577 94142 43152 37339 8270 89840 56113 66841
1
82407 21011 1785 60464 93627 16944 90998 8454 64282 54776
1
52521 29529 65774 27513 16822 90183 89418 24522 38881 16476
1
93603 6653 75104 36306 99025 9739 13838 90323 56561 36344
1
87079 31628 60778 91126 16225 62769 37925 82947 63257 95282
1
6132 72348 62575 27098 20529 99947 6813 29962 53335 22386
1
66059 51757 47434 89997 10740 63608 61569 65418 76001 41350
1
93924 17100 56325 62286 56685 11853 85691 57356 20961 19492
1
26627 88417 48855 62045 56110 28888 61811 85779 90315 78741
1
77677 10541 81921 83470 51172 61982 92225 13886 62205 58276
1
15319 73355 49906 19046 52683 73982 446 47894 3172 66297
1
42963 59695 15627 49409 29768 90751 27036 83870 84848 47519
1
89798 79578 92189 18538 69145 59984 22597 30355 40059 2520
1
52408 91941 21591 90515 97698 54411 27229 72222 85987 48849
1
53501 31821 98963 83872 45007 18089 59014 99327 19530 48667
1
64260 35816 67634 12290 64294 52148 32158 85730 57249 60768
1
57512 29047 3700 94474 68598 90125 91225 84664 30227 35293
1
8660 40823 30420 17826 50124 85549 3047 50846 79070 66139
1
38156 14451 64739 62810 7231 25965 50146 89662 39527 31483
1
82410 4391 36487 58302 35462 89032 22408 40866 81717 42745
1
28988 19074 72501 40879 60816 71472 52083 29393 89795 85808
1
46872 12854 97674 51805 95839 44730 63514 32907 48502 66233
1
69088 53571 49738 10042 42350 33050 29888 2924 49704 26625
1
40548 15418 64687 75996 7779 46961 72114 22994 12457 27068
1
21012 87429 57150 60149 12035 39300 39121 30373 40002 57073
1
77260 41684 48582 56324 34985 94930 11386 43916 55550 63069
1
63139 11158 11494 18431 47139 67438 28664 45117 87680 40501
1
69392 35468 69860 10569 4249 99083 89490 55598 82159 83534
1
91128 91825 61127 8162 19585 89969 66048 97369 84976 11346
1
74999 35768 41957 86256 20147 38425 75887 63954 80526 70972
1
53942 63423 94089 65945 49574 69729 18797 83618 45807 34472
1
38149 18189 6929 29616 61064 61240 20387 8967 81016 17647
1
40594 26979 37598 51454 5642 3516 50202 58415 63448 92940
1
85232 93302 70355 26046 23616 77701 4033 33695 97724 5626
1
4651 7731 30179 80007 53220 28643 9506 97477 15697 54425
1
97067 82984 32857 80458 60150 50771 8237 1986 94480 59512
1
56988 55518 59954 39682 19733 20603 72807 8325 13118 42010
1
4343 8718 35240 54379 59712 29798 84675 31630 67301 18183
1
23293 36578 53563 76825 68021 60939 74678 5710 78240 51046
1
177 48176 16665 11471 55101 39790 85511 24572 5720 10492
1
54454 22215 97264 704 87691 12578 66152 31439 44050 86861
1
66913 64978 72442 7296 81929 65145 35910 2412 73527 76711
1
24240 55352 8436 15939 15472 20271 17395 39385 98060 75912
1
50330 99152 68502 93918 99324 61293 43540 98758 74482 27963
1
77652 99409 82741 94133 10668 96344 83984 37365 43844 28872
1
25919 66239 12337 33996 102 21541 43730 4105 17118 24744
1
28685 44881 64865 12642 38206 60182 15848 63131 52496 71408
1
41772 83589 32095 55739 44834 22960 16162 26797 78282 98085
1
65972 10102 28917 90681 33060 64622 34948 87815 61844 55803
1
46767 21024 92274 64540 2142 4608 7913 75228 13402 89441
1
37794 5674 84375 52080 66152 19763 73569 19413 89474 23987
1
52463 88966 10746 14013 72403 23732 6688 37622 47141 24437
1
89166 53032 97618 39341 63242 28947 40243 10702 56578 28409
1
35632 26119 65065 23878 11009 79592 13386 70856 26722 2728
1
92364 65034 99934 64755 9009 50959 90320 55105 94293 32020
1
29520 78538 80037 29479 6178 45050 90970 64099 27902 31642
1
55212 55873 7616 90877 76491 22303 16030 26363 26787 72577
1
27511 73472 82583 8082 25938 62528 14102 48126 60681 9021
1
30428 96773 37107 64328 14033 71901 88318 28936 68769 25993
1
54110 78394 946 49269 49161 27725 56165 43191 21871 13032
