1
7261365.37 4.51 47
1
5814612.59 8.98 25
1
4131911.67 8.93 98
1
9310088.76 0.96 61
1
7845404.74 2.83 43
1
929805.65 4.11 36
1
4285281.09 9.85 76
1
4184783.03 6.48 74
1
7801206.82 6.07 43
1
6150366.29 3.4 11
1
867846.17 1.55 87
1
8001409.99 9.92 70
1
7268161.03 6.53 53
1
5713009.32 6.64 26
1
3074823.1 6.64 0
1
9255121.87 9.94 51
1
3377444.45 4.68 19
1
778095.8 9.99 70
1
4894563.87 4.89 31
1
3559900.54 3.77 42
1
5309600.41 5.0 67
1
4454243.91 0.85 64
1
7685049.23 5.86 48
1
5151428.52 2.71 14
1
3078949.18 6.7 55
1
4245895.05 9.14 46
1
5887585.52 8.76 71
1
7873772.44 5.0 32
1
7368199.16 5.83 35
1
1321846.12 0.68 8
1
8177306.38 6.54 16
1
7471317.61 0.72 75
1
4331050.22 1.32 81
1
9317596.89 7.02 55
1
4977395.04 1.29 46
1
5124176.74 0.93 55
1
6321359.73 4.19 29
1
3765852.28 9.62 44
1
9596623.08 9.09 19
1
1444404.83 3.75 92
1
133285.54 0.12 78
1
9153282.8 2.64 50
1
8938737.25 8.8 45
1
8767793.22 3.95 55
1
9764414.03 1.86 94
1
3224536.71 5.84 20
1
6490476.4 1.7 1
1
9540768.24 3.87 42
1
7514279.47 6.74 55
1
4947092.77 2.08 26
1
9525247.5 9.96 66
1
2205514.74 8.96 99
1
544017.93 9.08 64
1
2747848.35 9.71 2
1
8033537.39 2.55 83
1
1932170.5 1.39 20
1
1068994.21 2.44 5
1
4099679.78 3.28 23
1
2535121.34 3.78 76
1
5728804.32 3.55 64
1
724792.46 2.81 16
1
2993550.97 6.45 81
1
5647155.37 7.13 7
1
3992393.74 5.51 68
1
1899214.8 9.62 66
1
3806698.82 8.32 97
1
8722500.74 3.79 68
1
7413334.22 0.67 80
1
6092864.63 2.6 63
1
7574316.45 2.27 33
1
478856.09 8.8 83
1
854772.41 5.02 62
1
6002401.91 1.97 97
1
58786.69 0.32 52
1
5023393.77 8.01 68
1
7363931.41 6.69 13
1
2881417.3 8.94 0
1
4603482.24 3.57 78
1
3382195.89 1.83 95
1
4831595.51 7.68 13
1
5854524.12 1.16 93
1
4622241.9 1.68 3
1
3456310.56 0.33 3
1
9762714.21 3.0 9
1
2672706.59 1.68 80
1
3865857.56 9.14 4
1
7602815.28 4.26 46
1
3900948.41 1.57 43
1
1606201.67 9.2 53
1
9787155.25 4.59 47
1
3633457.33 3.02 35
1
2425181.68 9.64 53
1
7667993.3 9.76 66
1
3214017.89 2.27 77
1
796991.71 9.83 44
1
30748.99 9.61 68
1
9873855.2 9.96 74
1
5179844.49 5.84 22
1
5556398.95 8.58 86
1
1631502.84 4.43 43
1
4630944.03 9.72 50
1
2320938.67 1.78 47
1
7452136.15 6.01 6
1
9927064.4 1.73 64
1
4852982.67 9.46 99
1
9230127.82 7.1 43
1
8364861.53 9.68 80
1
5987649.79 2.09 33
1
8770447.04 6.28 52
1
7371035.26 6.92 53
1
5441664.14 4.06 65
1
7241765.71 9.11 81
1
1922492.37 3.06 36
1
330804.86 2.14 87
1
9863329.25 0.94 55
1
4489678.67 5.86 11
1
4719466.25 1.95 39
1
3362421.16 8.17 47
1
6688674.47 6.91 29
1
9977671.63 8.61 89
1
4463187.31 6.69 47
1
628802.79 9.81 7
1
8715714.46 7.45 3
1
1269012.7 0.32 83
1
6836510.45 0.17 74
1
5605971.05 9.72 23
1
5167267.42 9.6 72
1
1491976.24 8.91 0
1
2014391.39 4.93 92
1
9451716.31 2.02 48
1
1772173.92 6.02 73
1
2264939.47 6.94 76
1
5569278.88 2.67 79
1
797383.32 9.91 20
1
853109.49 8.97 3
1
865389.67 0.46 65
1
3523138.45 1.69 26
1
9119598.64 9.97 31
1
7583378.84 8.37 32
1
7496238.57 8.36 93
1
5120060.9 8.53 18
1
9408489.08 5.89 83
1
7006465.07 9.64 62
1
4069278.04 3.26 61
1
603286.13 7.08 15
1
1918942.59 9.19 61
1
3696889.58 1.12 28
1
7249154.63 7.9 81
1
1995250.3 4.16 61
1
5184145.48 0.66 98
1
7744486.18 3.49 48
1
3282844.47 9.62 51
1
1529140.79 0.77 20
1
7270777.89 8.34 70
1
6798562.92 8.26 7
1
527718.23 9.38 53
1
4263343.29 7.16 16
1
6946196.67 0.4 52
1
3279293.9 7.47 48
1
5030799.54 5.71 55
1
2123916.36 8.97 43
1
2774519.56 0.01 7
1
9834984.06 5.19 12
1
8991661.48 2.81 79
1
321845.6 5.09 48
1
6317783.54 3.99 92
1
7656452.9 5.75 14
1
3975388.76 5.09 91
1
827106.43 7.98 23
1
6585416.81 3.59 80
1
2868383.81 6.95 64
1
6501907.45 5.96 8
1
4943721.72 9.72 24
1
3985133.9 3.66 5
1
6897494.05 1.85 0
1
4036141.7 5.43 88
1
2739463.62 3.16 1
1
7538863.6 0.11 49
1
392950.62 2.4 75
1
449142.03 8.96 9
1
931917.82 0.02 2
1
6918690.83 8.32 59
1
3348374.39 1.04 47
1
3787471.56 9.6 70
1
853585.83 8.12 74
1
3712900.05 5.53 93
1
3265072.91 1.24 28
1
1285901.27 0.78 52
1
4614715.97 4.62 16
1
7340557.17 7.05 85
1
4622270.77 0.55 17
1
2613445.73 1.1 50
1
4712423.81 9.92 89
1
2137784.58 3.97 48
1
8909918.62 0.38 72
1
7639173.37 5.72 27
1
5682653.41 5.17 77
1
1028854.86 0.11 39
1
1582528.09 1.32 70
1
9558285.39 7.58 30
1
5577855.12 7.96 49
1
3643478.58 7.89 2
1
1053762.27 8.52 85
1
3647995.55 0.07 38
1
8557585.0 8.1 65
1
5757730.9 3.83 52
1
9228782.03 6.13 96
1
5067761.99 9.52 9
1
8193201.35 3.01 95
1
3761899.98 9.38 32
1
1539592.72 4.09 3
1
2798316.27 1.47 24
1
4636735.03 9.52 81
1
4121726.24 5.02 40
1
7722727.71 1.17 87
1
5331762.38 6.55 59
1
8236680.97 9.93 82
1
4369696.22 9.17 47
1
2035145.88 2.25 30
1
8539975.43 0.5 52
1
4075557.29 1.06 72
1
6743066.52 8.7 31
1
6044538.51 0.1 1
1
1679037.78 5.35 56
1
944680.22 8.01 34
1
2711142.54 6.45 0
1
2531111.49 2.72 19
1
5057032.83 8.25 49
1
4257135.46 3.49 64
1
9847035.8 5.1 38
1
3543248.4 0.6 4
1
755642.27 7.7 69
1
8805066.17 2.2 56
1
2708409.69 1.98 34
1
4634410.81 4.75 17
1
4401949.28 4.95 5
1
2186212.39 3.73 26
1
8040994.33 8.01 91
1
8067296.15 8.75 72
1
2542948.17 9.64 92
1
2534846.42 2.25 7
1
9817102.82 1.96 30
1
7907513.44 8.24 65
1
5516212.71 2.67 38
1
5101464.11 2.22 75
1
4763867.4 0.32 80
1
4043943.37 8.32 62
1
6790461.56 9.44 32
1
8523711.39 3.74 14
1
683960.93 2.67 29
1
892433.06 5.16 96
1
2679094.11 7.71 33
1
3963181.67 2.61 69
1
1848861.71 0.87 36
1
4099683.02 3.18 55
1
7652633.4 6.13 34
1
6179701.6 8.78 14
1
9222771.29 8.54 15
1
8740181.12 6.01 48
1
2803680.32 1.61 90
1
8391792.64 9.46 53
1
4506274.1 1.92 6
1
8084799.41 6.25 73
1
2341909.57 3.4 53
1
9558552.47 8.93 75
1
8157403.97 0.29 52
1
7314488.21 0.53 97
1
8005561.42 8.71 0
1
6821382.77 3.78 93
1
6158919.44 0.22 1
1
5872502.43 5.59 38
1
5520320.18 6.68 56
1
2970061.79 9.69 41
1
4597574.6 2.81 11
1
5168657.81 8.72 39
1
5619751.81 3.62 74
1
1528167.19 3.76 43
1
4511359.18 1.72 77
1
1044518.33 9.15 15
1
4251653.82 7.78 47
1
6522008.81 7.61 7
1
3586045.18 3.96 43
1
2927063.39 4.36 61
1
3380773.69 6.09 18
1
5606346.55 8.56 41
1
8360695.01 8.93 22
1
7479737.22 1.91 59
1
5598319.0 2.89 18
1
1448078.09 4.79 33
1
9153860.52 8.44 35
1
9468814.17 7.53 43
1
5103455.38 1.38 82
1
2861831.2 0.46 84
1
5127114.14 5.3 8
1
803961.79 6.85 62
1
1508771.78 1.62 45
1
9868885.61 2.23 25
1
7875143.47 8.13 87
1
3510833.56 9.49 84
1
3154515.45 6.29 44
1
2445967.52 0.39 4
1
8942177.52 1.86 25
1
1844270.25 6.25 21
1
8987510.34 7.86 71
1
9849046.75 3.11 38
1
1665386.66 0.75 9
1
7580716.2 2.41 32
1
4866236.85 0.02 50
1
3892328.9 3.04 47
1
6103182.65 1.08 29
1
4766133.04 2.36 94
1
3474225.13 6.79 99
1
4578326.21 8.23 24
1
9753872.92 8.92 88
1
2386002.97 8.59 20
1
8363781.02 7.8 78
1
86896.74 4.04 13
1
9155723.03 3.98 66
1
1682255.99 0.52 38
1
4394812.34 7.43 33
1
9676684.51 4.76 15
1
9545907.57 4.18 77
1
9097500.26 0.33 75
1
1064507.04 8.86 23
1
9442055.11 2.56 1
1
7006963.31 6.07 66
1
7085408.73 1.61 24
1
2068170.74 2.78 21
1
3617796.26 4.21 40
1
2983236.0 9.32 8
1
7996942.97 1.46 8
1
9350915.99 6.05 57
1
6101530.09 1.75 81
1
8031264.52 5.73 53
1
4827882.57 5.35 32
1
2006947.87 0.79 92
1
5296368.28 8.02 56
1
1076189.38 7.17 43
1
3445721.68 0.98 70
1
7245977.51 7.48 96
1
7927973.36 7.02 70
1
3959567.9 7.32 21
1
7346989.63 2.53 53
1
3529120.09 7.57 24
1
850535.9 3.06 40
1
8080006.3 6.73 61
1
9839047.54 7.6 43
1
9528824.11 1.96 60
1
8940901.89 8.94 56
1
979517.16 8.75 78
1
7602760.15 7.18 6
1
9439369.45 3.77 94
1
1880239.78 0.9 47
1
8429801.73 2.74 20
1
9061662.07 2.62 85
1
5862706.29 1.14 29
1
6754222.02 1.49 88
1
7188348.84 7.97 5
1
921323.89 1.96 34
1
2133594.42 3.47 38
1
8523129.75 0.29 29
1
5904949.21 0.89 13
1
2782189.82 9.21 20
1
213481.11 2.03 60
1
6637.03 0.55 74
1
8669961.76 4.0 64
1
8323593.09 1.76 81
1
4505301.57 6.66 3
1
7849788.74 6.7 93
1
7380741.61 7.55 98
1
6991302.11 5.24 58
1
3214418.62 9.98 90
1
9931680.22 5.03 82
1
7438655.09 9.65 41
1
7890167.89 4.55 21
1
9770113.27 9.51 96
1
6108081.98 2.82 66
1
2311087.8 4.9 49
1
5381730.34 5.39 38
1
8869289.57 9.39 78
1
8499864.13 2.95 77
1
4897982.17 8.92 64
1
9539004.76 2.6 80
1
2477937.74 4.35 55
1
5670570.03 5.39 57
1
163628.08 7.07 38
1
3160283.16 7.87 25
1
7076856.9 6.22 48
1
4232541.49 6.53 100
1
5173693.57 9.29 7
1
2953338.24 4.88 6
1
2684944.52 6.68 11
1
7017790.47 6.25 33
1
4394094.95 0.0 91
1
5724714.22 8.19 25
1
8418103.81 5.35 16
1
9600820.81 0.11 1
1
3968566.41 5.29 66
1
5066960.61 6.93 13
1
6700235.62 5.92 91
1
3157407.99 5.11 16
1
9866109.69 8.99 26
1
555705.68 8.64 36
1
4126535.6 8.19 93
1
5348157.81 6.99 96
1
5886321.8 2.13 19
1
7508151.79 4.14 95
1
4665316.09 7.94 75
1
9885688.34 4.51 28
1
8135067.01 6.87 55
1
4346872.49 5.28 15
1
6240074.81 8.46 53
1
463692.16 1.99 97
1
8094202.39 9.66 36
1
7585279.35 6.37 33
1
7939759.8 2.44 7
1
8335535.32 6.18 95
1
1191550.28 3.56 83
1
8314882.67 0.36 16
1
531741.91 9.48 97
1
7732046.6 2.65 17
1
5588842.66 4.7 53
1
3554357.69 8.19 84
1
9458095.2 0.98 80
1
5459990.78 6.43 45
1
9997207.0 1.53 28
1
8054841.29 3.91 59
1
4708238.57 2.12 43
1
4051691.54 9.11 16
1
2486853.08 3.04 89
1
7677576.38 4.94 47
1
8513313.44 6.31 21
1
3606406.64 5.76 6
1
6591387.34 4.5 4
1
6339122.4 3.49 19
1
8156292.47 5.46 61
1
3080160.62 5.67 51
1
2940424.36 4.12 75
1
3024355.27 9.91 12
1
4611602.87 8.64 58
1
914360.57 9.72 22
1
1596007.58 4.73 53
1
7871311.27 7.46 63
1
6911756.73 9.22 76
1
5203188.78 9.45 26
1
9144920.54 9.96 11
1
4170043.23 7.33 50
1
2272343.54 8.58 29
1
6762359.75 3.82 12
1
8219603.71 9.36 27
1
1496438.33 6.27 88
1
185428.53 5.45 39
1
105899.33 2.51 60
1
9960669.84 8.51 25
1
7524388.54 1.79 73
1
4180058.9 0.74 53
1
4270539.77 0.18 96
1
1354958.43 5.18 59
1
2901848.71 3.93 34
1
9455301.48 3.62 83
1
859842.7 2.89 4
1
770341.44 2.5 37
1
9066482.16 0.0 91
1
8094209.96 6.4 16
1
1047400.46 1.73 34
1
4998980.55 5.76 63
1
689236.29 8.7 44
1
7562914.15 0.69 86
1
7204411.08 0.57 78
1
8139503.3 4.83 18
1
4234031.45 3.2 34
1
8149369.92 0.32 18
1
3503856.88 3.69 1
1
3249505.16 5.44 7
1
2139560.83 5.45 7
1
6596960.63 2.42 37
1
5870779.85 1.67 31
1
7675502.4 4.86 75
1
4498881.8 5.4 90
1
2618843.46 1.06 92
1
9670796.4 8.12 39
1
7753790.06 5.84 97
1
2015080.13 7.28 38
1
4359133.99 6.34 16
1
1077529.42 8.16 24
1
1043573.57 8.9 15
1
5109141.79 9.46 92
1
8549135.79 8.95 27
1
3963154.26 5.98 81
1
2461276.03 3.12 65
1
5437473.73 8.02 24
1
9589229.54 8.05 23
1
4639630.52 0.06 4
1
5833276.7 5.22 24
1
6718659.12 1.57 12
1
4420301.1 7.2 97
1
335998.31 9.62 45
1
7852154.4 0.02 8
1
1643426.93 2.8 88
1
5292524.22 8.47 64
1
8471622.36 3.87 50
1
9486994.73 4.74 35
1
7522964.01 7.73 33
1
4408549.0 1.56 75
1
6343638.11 2.79 55
1
96042.48 6.51 50
1
8512671.32 3.69 76
1
6856726.47 6.57 87
1
3371570.97 5.5 57
1
6836715.16 0.28 97
1
5274031.27 5.61 96
1
4807580.4 1.38 32
1
1133422.63 8.99 3
1
9604663.05 9.11 54
1
546304.38 4.75 22
1
4185420.71 6.37 94
1
2771964.21 3.26 31
1
4789003.41 6.26 38
1
9547472.51 4.62 43
1
7544432.17 5.36 79
1
1600359.69 6.34 80
1
938695.68 2.93 24
1
3838267.05 5.19 84
1
2198601.22 0.85 51
1
4503907.49 5.61 40
1
6248383.09 7.9 25
1
2512900.67 4.49 91
1
5135816.88 6.11 84
1
6375924.55 9.68 7
1
4734291.41 2.01 95
1
1779110.62 9.19 9
1
2938513.65 1.7 37
1
2780467.68 3.36 40
1
8037530.33 3.01 41
1
5779335.74 0.14 12
1
7986513.68 3.81 93
1
6562752.03 9.13 62
1
8624254.07 6.41 86
1
9573682.11 9.0 65
1
5343207.87 3.08 35
1
5982818.7 8.96 60
1
5595128.14 0.05 21
1
5377765.16 7.46 82
1
5914006.14 2.9 7
1
3665797.37 4.65 78
1
8877150.76 3.19 45
1
6666908.51 8.56 4
1
3328206.72 0.07 99
1
1099199.78 9.52 99
1
3447347.46 3.15 100
1
720358.91 7.93 43
1
1064201.56 1.28 10
1
419564.3 0.43 3
1
7702989.85 5.83 70
1
5625506.29 6.73 24
1
1843736.96 4.18 79
1
2650012.27 7.89 45
1
8159348.49 1.51 31
1
7650555.1 1.89 87
1
3015708.5 1.84 38
1
4831540.71 6.64 38
1
50505.87 1.58 2
1
5321810.34 3.3 20
1
7442207.68 4.13 13
1
7743139.93 5.15 50
1
5605078.02 9.6 30
1
6544199.06 9.43 31
1
9071632.56 4.84 38
1
6795128.09 3.26 91
1
3873073.23 2.65 29
1
4768319.39 4.16 4
1
7369802.45 3.45 75
1
6237124.87 0.21 86
1
3693609.55 4.1 77
1
5056835.14 6.46 10
1
2228910.76 4.01 23
1
2695045.1 8.6 3
1
8480057.3 0.56 11
1
1908763.27 1.12 96
1
6363832.68 0.01 31
1
4315100.2 4.03 89
1
2844493.66 6.35 62
1
9057175.32 8.48 99
1
69983.09 1.47 85
1
9556118.48 7.97 54
1
5652965.57 7.65 75
1
3577419.9 3.23 94
1
8183696.21 7.42 31
1
1524462.45 0.36 49
1
573359.4 3.04 39
1
6795820.25 2.18 70
1
2924506.92 9.95 32
1
1947592.64 6.18 81
1
9925167.52 4.91 15
1
2340629.96 8.02 81
1
3449141.11 5.58 71
1
2930891.58 0.63 49
1
5687992.42 3.39 79
1
5031359.21 0.44 40
1
9669315.49 9.45 96
1
9707451.42 6.47 23
1
1345238.79 1.77 18
1
8914276.67 0.65 2
1
7300543.54 3.01 90
1
3900319.62 1.83 51
1
8944990.87 7.36 4
1
8342583.71 1.61 86
1
2561907.22 7.83 93
1
5878088.41 7.17 61
1
5549122.24 1.0 92
1
9844425.47 2.2 1
1
3726531.31 0.08 28
1
3753170.38 4.8 85
1
2176344.0 3.0 92
1
3658250.3 1.31 5
1
3074214.24 4.1 41
1
5389044.42 4.91 67
1
1669956.91 2.68 23
1
1166926.09 5.54 57
1
165669.07 3.3 78
1
7845387.3 2.62 97
1
7114987.54 3.72 6
1
4152030.39 7.74 15
1
7527977.21 6.12 34
1
1060458.03 7.8 9
1
7005940.56 3.44 64
1
1700289.55 9.37 48
1
495070.36 4.98 97
1
87137.15 0.41 21
1
5085570.58 6.63 57
1
349330.6 5.27 59
1
9288018.49 0.19 18
1
8984710.61 1.0 4
1
2101041.06 1.31 44
1
2684945.54 8.67 53
1
9497037.9 0.67 9
1
6845433.66 6.03 63
1
1697383.04 1.58 37
1
6360571.24 8.67 68
1
8641596.83 0.27 92
1
9314352.44 6.01 72
1
1500414.57 7.15 59
1
191343.32 2.42 37
1
2762225.43 4.66 63
1
493889.2 7.34 76
1
3852642.35 0.87 17
1
6386350.53 0.28 43
1
7351528.26 3.96 70
1
4637312.84 8.2 36
1
9489781.26 5.42 100
1
7905262.05 8.13 24
1
9962276.52 0.95 82
1
8129773.13 6.49 24
1
7797912.83 9.87 84
1
9044652.53 6.73 77
1
9251721.08 6.03 77
1
83536.58 2.81 52
1
2990495.5 9.05 14
1
545612.13 5.6 26
1
7266868.89 1.08 10
1
3010585.33 0.23 96
1
8248281.28 1.58 58
1
3812071.28 1.71 3
1
4652548.58 8.97 36
1
4891663.2 7.31 65
1
7244643.61 5.07 75
1
6228418.67 9.84 53
1
2031894.03 9.09 89
1
7381952.47 6.4 82
1
8788727.29 6.62 91
1
7350276.49 8.23 86
1
8727475.82 3.12 2
1
6016688.51 3.17 43
1
4804796.44 5.73 58
1
9933064.04 1.85 79
1
3909326.17 7.1 32
1
5088705.29 1.63 76
1
2310894.09 5.78 36
1
4095782.79 9.06 18
1
73835.87 6.75 37
1
7784347.05 4.51 87
1
8729517.71 3.14 84
1
3136116.86 5.42 93
1
8266633.49 0.71 3
1
817694.14 4.76 37
1
3185760.54 8.16 49
1
613905.74 2.23 60
1
1517494.58 0.97 81
1
1983915.65 3.51 21
1
8291064.85 1.81 74
1
2144068.86 0.69 79
1
649557.11 1.79 10
1
4784703.63 4.15 58
1
3371324.5 4.37 88
1
2883839.48 2.34 6
1
6535588.41 2.63 32
1
4550822.36 2.82 63
1
9956006.26 7.03 83
1
6747707.85 8.55 80
1
308041.61 0.87 75
1
1602840.85 2.52 83
1
613138.39 2.51 47
1
3115809.91 4.17 49
1
2193256.29 9.72 94
1
3068663.15 0.33 33
1
552693.22 6.85 22
1
1633619.61 6.83 54
1
7098723.17 3.89 71
1
1173023.49 4.93 53
1
7322476.71 4.68 79
1
2826128.0 0.98 3
1
1286664.51 1.9 76
1
6045678.2 1.01 12
1
9868858.65 1.75 42
1
660868.0 5.82 99
1
3651438.94 7.48 2
1
110402.71 2.23 85
1
906002.96 3.34 91
1
7459665.04 9.06 1
1
1314150.94 1.53 83
1
3661722.05 0.03 68
1
2432409.64 1.42 88
1
7612456.45 6.18 50
1
886738.48 5.64 57
1
4554433.8 0.7 42
1
5466684.96 6.21 59
1
1220299.14 1.32 31
1
1819097.88 3.83 74
1
5149615.75 1.08 25
1
1929505.53 5.27 46
1
7777366.34 0.67 60
1
5451938.85 6.16 31
1
5898083.79 7.06 98
1
9072194.87 4.29 24
1
1684844.82 5.12 5
1
9386563.42 2.92 49
1
9783588.77 5.85 97
1
9799507.84 2.88 27
1
2705815.03 1.94 99
1
3003586.31 6.04 18
1
7322562.16 9.63 15
1
8142368.3 5.23 72
1
8418773.97 2.55 97
1
7763859.21 7.4 79
1
8168720.67 5.12 59
1
1837496.88 4.51 1
1
8336512.68 7.78 65
1
9768573.07 4.53 76
1
4837950.54 4.47 28
1
8900091.17 2.76 88
1
9604328.33 8.91 91
1
4013058.82 6.61 65
1
2514622.56 4.5 38
1
3741760.05 8.73 100
1
3580246.65 5.69 20
1
8157408.73 4.09 13
1
4223446.04 4.89 43
1
6042599.17 1.31 36
1
5059648.08 1.59 66
1
7734357.4 4.01 81
1
7972311.68 3.53 95
1
8222470.06 3.51 91
1
7212621.73 3.14 60
1
5077162.29 6.56 95
1
1454089.74 6.84 22
1
6563339.77 4.73 41
1
1869218.12 5.71 9
1
6145962.11 8.61 12
1
1197100.04 4.2 77
1
6533535.05 2.19 94
1
8257882.31 9.7 37
1
7733825.4 0.22 34
1
9474356.29 0.66 67
1
1842855.33 9.3 66
1
244885.21 5.09 8
1
3431911.31 8.24 82
1
2466273.1 3.08 20
1
7456519.07 1.11 16
1
7707720.72 6.65 30
1
3352444.61 2.34 43
1
2172083.3 3.7 77
1
513768.92 4.89 84
1
7979515.13 8.55 6
1
2916028.11 0.96 43
1
849661.56 1.14 82
1
3021764.22 0.3 80
1
7638913.47 0.89 98
1
478171.86 9.86 11
1
4274532.58 3.74 32
1
2830352.16 7.53 100
1
7377398.12 5.48 70
1
5727724.79 6.68 79
1
7709937.52 1.93 71
1
1421311.02 5.53 18
1
2989573.81 4.47 62
1
7676638.02 8.95 55
1
9096643.43 6.57 6
1
5762925.47 1.71 71
1
1938107.21 2.29 14
1
8283167.39 2.75 24
1
294977.6 9.13 33
1
263346.37 7.16 66
1
292345.33 1.74 59
1
4629155.62 1.89 3
1
8788665.2 9.48 95
1
1655068.3 3.09 61
1
5560460.08 7.52 86
1
6239680.11 0.7 56
1
1746602.85 7.26 53
1
9937377.65 8.44 26
1
2608614.83 4.41 43
1
3294034.1 7.9 85
1
2767704.3 8.72 32
1
2694235.46 1.93 53
1
6795281.21 0.43 18
1
8180555.61 2.92 20
1
5217434.97 0.99 9
1
9294526.65 6.42 50
1
5250022.18 3.57 29
1
530006.49 6.43 87
1
8387501.93 1.28 78
1
8152774.93 5.77 51
1
7141189.6 6.44 55
1
6786742.56 5.04 58
1
5061087.46 9.77 46
1
6948336.4 9.25 30
1
6692578.8 9.28 36
1
9111327.92 5.21 31
1
6710880.66 0.16 12
1
201700.62 7.03 92
1
6806606.08 1.68 37
1
9480803.39 5.53 32
1
5932806.02 7.91 68
1
1034097.68 6.13 77
1
9290922.18 8.75 56
1
9087606.4 3.13 90
1
6162184.37 4.72 32
1
8865328.25 2.96 71
1
473052.47 4.57 41
1
8526281.72 6.35 54
1
7386455.13 8.51 32
1
4536019.01 1.46 91
1
3324878.85 6.74 8
1
76529.95 9.2 42
1
6141373.63 7.93 21
1
9016836.62 5.6 42
1
1217287.35 2.31 2
1
1171216.16 5.7 11
1
2794507.0 9.96 83
1
1344794.05 6.9 49
1
703437.74 1.63 87
1
8143650.25 6.95 18
1
9126539.84 9.16 29
1
6954782.47 7.03 16
1
4940999.08 2.12 62
1
4568745.18 2.99 26
1
2935219.46 8.56 72
1
4418093.8 6.77 96
1
6791526.36 1.94 24
1
9131315.96 5.7 25
1
1276503.54 7.88 77
1
818572.2 0.65 30
1
6633544.91 7.28 83
1
2704623.66 2.58 94
1
9445219.3 1.33 67
1
3710414.69 4.83 38
1
9340979.78 1.92 93
1
8276965.3 4.1 49
1
5471930.5 5.98 37
1
7421762.56 0.26 80
1
8701181.58 4.31 61
1
7045894.72 1.44 9
1
795768.57 4.89 44
1
2990282.52 5.8 28
1
9769785.04 8.51 78
1
6282267.75 4.09 28
1
4701194.25 0.79 61
1
8513898.48 5.24 32
1
767126.14 7.76 31
1
2668252.31 7.44 41
1
4050518.97 0.42 82
1
2763297.93 5.69 49
1
8454686.89 9.57 32
1
79265.28 8.61 1
1
1558603.47 1.8 36
1
453613.75 6.31 27
1
7146742.26 9.93 54
1
2299254.47 9.87 28
1
2508413.84 3.89 29
1
9684130.09 9.15 7
1
8280026.6 9.77 13
1
4203270.1 6.45 29
1
9832796.0 2.84 81
1
3634409.86 4.25 83
1
371722.23 9.72 59
1
5922889.13 7.73 57
1
1708206.2 4.09 60
1
324346.33 4.49 99
1
7301460.91 6.93 99
1
4234860.06 4.8 94
1
8022168.95 9.56 95
1
1932629.39 7.22 41
1
6314355.68 9.52 41
1
5862561.62 7.34 77
1
8076128.17 9.87 0
1
7828522.63 8.53 2
1
7575651.54 4.99 71
1
9114003.95 9.54 80
1
9500531.71 7.14 17
1
2615333.3 1.94 4
1
2373808.29 4.35 32
1
9992504.08 8.45 81
1
8427405.34 9.25 39
1
3491786.01 3.1 19
1
7441362.6 6.12 76
1
4162843.67 9.89 69
1
3979670.48 8.26 94
1
3343955.0 9.08 40
1
3238617.61 5.64 15
1
6641986.58 8.57 99
1
9351732.22 5.57 25
1
4760797.3 7.04 95
1
5506258.48 6.38 96
1
311404.72 7.72 9
1
3124097.07 6.26 51
1
5153200.7 2.28 19
1
225138.42 5.0 49
1
374727.91 2.96 27
1
8760881.91 9.7 45
1
9908335.45 0.35 44
1
5559379.94 8.22 40
1
3953941.98 2.7 40
1
4596511.53 1.25 31
1
7682649.91 0.43 37
1
9527872.11 3.15 14
1
1365936.09 8.08 85
1
4572271.64 9.15 84
1
3455413.88 7.34 36
1
9805204.65 1.03 89
1
9915368.97 2.8 48
1
5622679.47 0.9 74
1
1978376.97 1.67 54
1
6822027.76 0.73 35
1
8270384.37 3.26 17
1
813203.22 5.87 19
1
2334814.96 9.4 12
1
7210048.62 9.16 48
1
913875.8 3.67 25
1
6176332.29 6.67 6
1
3611959.81 7.7 87
1
1676240.39 0.75 18
1
5598022.79 2.9 8
1
3691815.23 4.29 32
1
4134782.78 1.75 33
1
4376389.41 5.62 93
1
6377798.01 6.64 53
1
9762348.92 3.38 37
1
6658597.97 4.14 100
1
4230160.25 1.3 15
1
2317129.32 0.31 100
1
4820248.12 6.71 34
1
8279853.33 3.89 92
1
8573379.92 8.09 88
1
2983298.3 6.31 1
1
810945.94 7.6 98
1
4917982.78 0.95 44
1
7972498.49 0.04 65
1
6885393.02 1.24 76
1
8998859.43 6.62 57
1
5955675.62 0.19 99
1
6956132.17 4.32 59
1
9410791.02 5.69 93
1
1079122.29 6.86 13
1
5181357.65 7.58 100
1
4108916.68 3.24 51
1
7978880.89 8.62 24
1
3334890.95 6.5 10
1
127218.44 0.84 98
1
4679491.88 2.66 80
1
8752289.41 9.59 79
1
4371147.11 7.0 17
1
6762987.93 8.47 92
1
4773749.46 4.93 41
1
8215894.79 0.87 3
1
2335818.36 3.46 76
1
1042798.42 0.84 28
1
425304.16 6.79 0
1
2136456.0 1.0 36
1
5486498.33 2.44 45
1
3082255.43 2.17 27
1
7549545.61 3.09 1
1
593728.17 7.42 16
1
6812440.16 8.65 5
1
1364812.08 3.56 29
1
5343517.08 3.17 64
1
5329681.92 7.36 11
1
5182367.64 7.67 12
1
2015108.01 8.73 1
1
9589687.8 9.78 21
1
9089815.58 2.82 13
