21571 92062 68442 53121 23786 50261 73343 3387 68341 20818
82824 15590 30210 16710 6830 56567 86963 45298 58126 97052
74370 53749 84181 71245 41278 91920 89924 38853 87553 44457
88112 89452 23774 33674 1792 92102 32761 49380 21810 14936
54924 36146 38170 10765 47252 38529 94774 74482 30276 86267
38270 77986 41404 38269 49681 32592 18545 457 61346 7279
43414 62478 65213 53768 66842 73592 82454 43603 41572 88070
88172 55824 99419 47797 97782 42865 12471 87790 79233 84350
16123 57922 4210 47957 97630 2359 25723 35299 52690 99869
21456 92029 18583 30300 98637 86252 99975 44879 18837 40616
16667 13587 83441 34176 18259 52118 63801 44608 71331 67047
76843 34084 54238 56989 71482 62523 22185 14923 26720 6398
44315 14478 2585 50771 81217 70246 15030 53640 39219 19123
84915 32952 30880 70274 57166 37301 61404 99615 34516 91123
68254 6077 57313 54290 98277 30926 71851 39735 37217 28294
82927 57185 29453 65846 98828 24189 77500 55615 81341 58883
48224 55747 75239 68179 21387 89788 66828 7806 93760 31502
4812 50932 86216 92060 10865 1670 77396 61784 7486 63924
21681 7769 79960 58286 87982 68426 44866 60531 65659 72676
50852 20919 94384 69255 26150 49593 36003 68279 34224 51122
92374 39912 32206 80835 56715 24353 1087 54832 58061 94638
94136 77757 24191 57700 68078 8815 66522 31736 14504 24065
74156 76427 68880 96322 54971 15194 56506 33412 3765 73943
74643 45119 36105 49412 79520 80522 75963 22604 83905 20624
14768 37730 95050 10847 1848 42707 82286 18611 14258 38656
29510 1200 36778 12530 61104 37950 3259 90992 30439 21453
88729 8487 55321 14635 20296 13764 7078 17339 11108 38760
57595 92233 3011 23168 41734 68418 59881 74486 12599 32319
92009 85748 19071 1065 52211 15329 94351 92359 53255 7242
48339 90485 90962 2404 10244 26599 37749 5468 83811 59182
12021 4304 88889 62088 50793 57958 31864 82208 58260 14420
86708 52309 24396 69500 68164 6475 69158 47650 14480 15995
12601 58384 31837 74588 14186 43957 37352 48405 3166 23493
98499 53971 18271 24430 93749 90310 98345 76571 25626 57154
14219 97901 68521 53273 18351 39524 4947 19992 24245 68729
18365 30768 9850 46412 12943 25635 87400 32904 79889 87418
58062 32192 15740 25494 78361 55054 53075 93880 11537 56305
58096 57092 51763 6780 82048 73902 84036 35373 36096 12447
53352 43249 92610 52465 21230 7344 55500 68630 725 58979
42815 37937 66570 10820 96895 71179 12470 9980 20111 1093
40031 54387 48969 69330 29243 57953 20416 74871 28408 57562
6486 26301 74500 46801 79203 18158 1891 32807 26373 61888
33625 57170 66859 96184 60247 52969 77627 32600 12959 10496
68695 46635 63355 95977 65603 12426 85790 51203 26611 26288
55806 54108 86058 99019 6603 36936 44548 63196 2089 35358
6786 11315 63231 28956 93189 5977 61145 69650 52891 47269
21289 87960 34787 77374 98303 22229 42341 46421 37797 83365
78062 88510 32408 11725 86776 19828 83124 5286 73473 64053
93696 76091 6567 88211 61093 88397 31018 4538 6648 9781
76066 42473 93998 8410 10423 57955 90826 63713 26920 37284
50383 99858 53051 54112 84439 88878 92817 56277 27098 54037
4357 41164 22452 44372 9418 10638 71177 64362 49189 60994
91952 21591 81544 98804 68138 52976 18722 53734 19691 59368
59315 6617 78911 76673 75998 6080 72641 37530 78424 1027
51354 5482 60527 66598 94959 41079 14187 56902 85729 45607
81091 5047 63949 24823 31152 88721 88925 80716 6114 41581
68734 50893 99465 25539 75678 51305 52565 81597 92976 75681
54106 47233 75783 830 54006 76708 45527 89310 63780 81360
8209 52889 99196 52821 6283 68363 57625 83761 93348 98397
54335 13283 10314 34934 15181 61856 57749 31430 56606 65353
59410 73722 83093 43349 54825 57128 67958 81428 97710 5324
10452 12782 49177 92330 11424 34848 99999 43769 77851 19460
60931 31464 41288 75705 38700 50381 45321 82902 65490 42794
10154 41705 65211 26325 44947 59251 75687 43838 58459 19446
70787 81052 14556 93876 185 84400 71946 2697 759 87713
65046 17927 22655 15599 90809 88020 23077 46551 57450 49326
41348 38333 69865 77906 87205 69482 15886 39178 24503 33792
37878 37172 82970 41604 39712 12266 50355 45127 22359 95113
30810 9537 88511 35372 74695 13701 26697 77270 78306 5083
82093 13741 12855 51192 80697 82733 4309 52520 51443 69193
64676 83099 21317 91186 52045 63078 46854 19666 79911 71225
64232 95168 16929 95365 54530 66664 62200 67361 73314 81644
12922 20376 86125 80772 83447 71640 83155 88603 81984 33578
22285 31155 79206 49359 687 68407 80527 80899 28715 13427
81506 14894 65464 90516 11052 74175 87814 57992 9384 52435
21699 33442 15150 79828 19316 73822 53500 3898 93446 55211
58313 60269 79739 9328 28036 67956 14103 82203 67509 18224
59889 39347 83235 54827 60566 79009 41485 20118 84266 20807
89091 21165 64958 89503 58487 70001 98978 14233 52065 40038
80994 91243 27926 73806 73522 74824 35864 93528 72773 94332
16302 5063 35377 53349 19938 28303 31882 76152 4557 7341
47867 77078 66786 8367 82867 35700 76560 48772 64400 87606
43820 70354 71753 3608 80495 95486 46186 50947 75239 28288
56777 46849 71107 45777 52369 62819 93829 3426 54930 36469
18906 83763 28911 6598 74375 93181 93611 69317 99320 35898
2385 79975 9900 77701 19984 19864 45842 51297 76965 6788
14085 10940 53684 3046 91449 15135 40862 25325 64383 34366
69786 95070 34856 72384 30956 62648 45514 35956 33546 78959
21998 18159 17082 61183 25706 85526 85232 69505 22227 12635
1911 90980 61727 4591 31764 25300 54478 36039 76039 65735
34499 67933 23670 33638 52862 66070 64963 13995 25009 85774
18431 71851 90739 74632 48778 96378 51727 37638 15202 42185
65046 16519 29231 54970 98404 91927 30403 59873 94033 71028
21651 31112 17713 26742 37124 79189 85531 90131 3914 42471
31428 6206 21262 34491 39647 54911 31386 63195 68947 34599
16334 95780 71294 13375 64208 67820 56550 49889 78592 17897
57505 38498 39558 12640 44303 81407 32169 11586 23074 7044
66847 71914 95500 34501 23079 60138 79282 15024 39639 34462
27722 66534 33461 93718 20895 47466 47369 90464 65052 99543
52737 24828 16603 139 41780 94799 98086 59957 83537 38638
84951 58781 27074 52643 879 45223 70330 21456 43998 26876
78307 51773 51218 6670 96753 62690 80361 66647 80278 47270
26528 53388 2151 75908 67141 47441 96885 98506 85928 86810
6265 45913 99837 70908 43371 60131 39843 64894 44360 50903
79303 32305 12473 81282 29560 94748 5314 2245 33689 75550
72808 41818 1753 68513 42999 20067 34524 53703 66352 65188
27970 1188 86803 64212 94061 78745 18196 68899 17774 16324
35885 86499 93322 29192 44188 9340 14757 94331 36935 39058
56382 43420 89999 1877 23148 35995 85715 95233 4722 82930
84644 52762 31696 83013 36311 86504 48573 5833 72613 21832
54889 30775 26746 45006 32191 3199 6239 97369 49198 51892
20863 11206 54446 26486 73287 60739 29429 40775 38182 34085
77496 7544 68513 6762 72641 88546 51866 26753 50113 5554
96518 39185 82103 61581 61614 27673 66305 16400 28118 73382
46416 67720 26898 83807 96935 48053 4778 35893 69209 4152
78175 26361 1332 66007 25700 3820 42691 34613 91040 15503
97499 94240 90703 88166 83402 18557 1618 89618 17350 26839
16954 74966 54651 68103 80914 81600 91681 15990 80626 59541
99108 86914 64505 56665 96818 32397 12941 19984 284 46388
83074 23222 57700 81200 47089 28751 18142 67091 97397 20512
61201 28621 91838 42472 15343 55036 77945 73417 78070 29091
82330 80569 96109 60885 13726 40255 32185 90836 29656 49022
41291 10525 70369 80442 51707 76256 95006 98971 73646 29930
47216 69385 26706 43148 41755 70382 15921 90766 54909 36663
53738 75090 46192 41292 95668 38221 57552 52504 24037 53754
49408 15899 95643 47682 82708 76597 75109 35934 66325 72196
90896 1885 8455 88858 92251 37874 81678 64442 92705 25018
37263 96361 64486 17363 4250 93073 2048 68602 22544 36385
50980 53975 76308 73429 55811 88489 55083 15095 37445 11870
51800 46146 49736 84989 29294 59759 75170 82248 67625 31027
98186 61039 61009 77761 64854 12514 18358 37969 66169 50859
79585 67614 77234 61268 68691 54257 13879 66435 53976 14178
20605 31505 65216 98325 2842 50872 65671 6344 85517 60420
32088 99637 89184 45281 95438 72676 75979 31869 99046 95576
58951 31090 35600 58155 16622 10096 87547 27979 39591 52503
79672 50243 9463 88671 11987 82225 57776 55302 36167 70836
52142 90154 10786 98416 40698 74717 80258 49890 9244 28315
9106 92116 9213 11241 37853 4629 6243 66674 12527 24941
57201 34721 2130 11581 36162 57803 65045 50370 2166 2574
96030 31003 31334 11591 92949 5825 54866 15313 27776 92790
71435 53751 66932 10682 34871 91466 39569 90528 74835 11798
66956 4527 32431 24583 27810 73068 31085 27550 93165 9742
98867 89375 29111 36324 61301 32353 18531 2783 12544 11213
49781 17660 53235 35769 64371 34441 44728 65167 60764 81404
18960 15547 16309 4668 92677 42638 99509 8126 76492 36012
86288 37478 23062 13057 48697 89042 22566 18305 95965 9558
74677 779 56333 37754 89614 9609 7682 73008 6439 40051
57956 29855 5679 74515 50500 85174 65814 73843 74449 74348
93711 52383 50221 4362 9461 82064 17081 45489 69387 89676
11422 12810 85562 59308 69985 63353 17497 4401 21182 30495
6130 61982 22741 9119 55850 48002 4357 45694 16116 18260
70570 28023 61641 81176 90299 14418 78100 66258 49926 9001
44356 95439 8123 65969 63647 54890 52809 21988 56694 26058
35509 65035 84930 97837 28820 58725 67296 9595 49920 53186
49585 67120 12941 47334 96646 3596 52426 25775 18380 99377
967 92917 61140 68837 23397 47238 29780 6706 15293 96134
90244 93927 29038 71504 33802 39057 64576 60435 76173 11508
6469 4989 50481 65996 96679 5716 55913 5641 24384 80681
21521 60432 88771 58002 42993 28077 7479 57657 28919 49633
43280 64464 23497 21864 49985 12005 1327 31395 4163 13228
85810 25269 87303 40790 10931 87548 99535 84242 51034 14411
51701 22829 79255 80529 50834 34603 87110 96083 44253 43545
17916 36653 71062 31654 19078 80402 36073 68401 61928 20274
25622 2064 51549 72152 92398 64115 25965 95494 42189 93767
85243 5695 51448 21653 68559 93881 20454 57314 97506 33540
66110 59945 18391 59204 89763 43677 83607 11645 33206 2518
58696 53932 82653 51917 76147 61001 3341 73497 31707 49312
78295 5063 45238 76374 1492 48797 78062 77745 79913 65772
95951 28450 34370 46100 82208 64001 51619 55224 59760 69109
14487 49142 96288 24448 523 16627 16748 96386 49461 71004
90089 36789 11633 26693 690 73418 38242 50289 20604 45303
51214 99125 53209 72228 68122 63471 29609 1763 98616 91417
75616 4344 60130 24676 53003 64892 47595 72114 9528 21040
31705 2793 9886 2707 46441 13010 83663 16294 42878 80300
19245 11901 78883 92963 64251 10525 17300 52457 51986 75363
96163 11747 43612 14765 50843 67555 27774 46295 51089 7634
84624 67408 77739 74501 98841 77075 26054 79483 43588 19583
81702 48689 91495 56121 37293 13916 60722 99695 33927 10260
14230 11148 76380 38166 448 14682 34310 28951 76597 7978
56554 89724 72238 69165 30325 41968 820 84041 32112 59865
76647 14339 26680 27129 7150 42653 76598 49724 69956 88655
54199 48453 49600 60774 80558 43392 19838 68698 9177 17506
24962 78779 80978 5130 25931 25436 19007 99969 40836 53278
50181 77744 1726 92336 1236 75973 99146 58737 26683 61385
3179 3943 80399 94951 99652 83673 54217 61517 4231 81019
8413 49990 35145 29422 58606 84244 99922 85105 74437 72223
54014 94139 82717 34463 90284 12451 61024 96265 78276 40536
99272 69755 14165 47639 97041 99359 99569 38982 47917 8153
22231 94040 9325 74459 14711 48095 69249 54733 23229 68193
40783 60495 56647 89293 95395 45652 69239 57341 51875 44292
82784 90518 64977 87501 56528 22717 46472 49911 71847 87773
70906 50077 49150 28778 18209 17900 59058 2249 28101 73912
14879 95362 94844 36626 90882 90109 98851 19754 51255 59964
68055 57302 59800 36507 70808 37391 28051 70257 19243 84306
61092 29418 54125 69180 90338 42048 14537 88535 49710 21303
84519 10011 60715 12383 13364 71900 50512 77395 38786 58848
90115 74081 34665 84398 99483 69405 63278 31726 78131 26090
47716 42352 75028 85724 75950 53764 59777 57262 74641 58404
58763 71993 43017 52027 54745 19431 27355 30081 38246 86225
52095 92402 42248 54867 28433 62564 15748 56863 77295 20787
74443 5297 6775 4810 72600 92970 90228 15980 93357 68131
70955 60328 86173 20682 95286 52548 36889 24393 74877 65451
40956 26403 67658 26410 54330 66338 9217 90895 93793 39835
72627 91067 45751 98659 2011 40511 97980 62562 17918 96598
88860 24788 61025 51423 82320 65444 45849 60564 2198 35409
90268 54305 60461 66381 86222 7426 66572 74108 73455 52542
82036 93989 5194 97360 35466 47976 8409 52279 48897 38946
11818 48341 23032 35882 94794 53874 19851 93226 15294 73794
15825 49948 90752 13853 28663 51182 95172 27077 61400 57034
79917 575 24412 5923 58099 34113 9288 88976 6805 63089
22225 14376 37485 74555 71353 85420 94938 56270 34134 93070
75469 12650 20609 4724 63965 18331 31585 29166 13209 69948
59587 95455 34285 34155 61431 51751 257 27330 98945 36539
93945 63250 42748 9416 59328 77759 4574 873 2953 78962
78177 67334 12361 12088 77067 45081 16885 16446 66114 35426
34344 20673 69568 44222 23533 8836 75099 59960 3264 33412
82242 42728 13255 92188 31917 29796 96589 93387 29497 75381
15059 75618 53482 53570 19453 41386 84702 57253 5236 87933
99896 91963 16439 23245 97413 45275 94721 33313 82828 57164
68556 43369 84443 81472 20623 57476 39016 66372 45439 24514
19411 49387 55058 61740 37378 49425 96718 30241 34937 3151
16223 97069 30901 187 85202 70386 15373 39502 755 94542
85764 26709 48337 92173 12688 27990 56780 66905 25437 23061
13080 91355 71847 69738 34709 84025 7723 45382 26707 17932
63120 16423 87473 76871 55313 38524 41163 56794 40432 25954
71391 16738 38933 8363 39068 39836 14225 39370 92486 23908
79018 86124 65136 75926 62670 2745 32479 39721 92529 1142
12494 7013 56858 37450 95339 71427 67729 77288 4215 48392
27723 60667 10532 60307 82408 49629 17129 8521 71456 81611
88945 91944 88087 7697 56408 79253 57125 80195 16264 26393
93298 50068 13324 61813 92799 3170 10486 21110 77731 83232
41659 94260 32036 58339 83374 59560 24265 4417 55158 38722
57113 23974 62563 48683 82458 43238 88571 3327 41897 91062
79343 96408 79256 96632 92282 52488 55905 67515 1391 23877
529 84258 51352 20632 75972 68190 61641 15762 83976 92902
47565 84222 37466 76995 23995 64817 64192 7537 20494 81350
56821 33726 94947 44958 90927 49770 36114 49722 61639 18493
69438 10428 64458 56455 1353 33965 72427 37791 65911 2266
22690 57598 47644 6458 19928 64900 97190 22234 67816 9736
87801 47353 55646 90284 48798 74552 67132 6918 62782 26210
12282 45588 84725 21747 2517 91888 22164 30137 34566 18544
77012 15142 86141 65720 18777 10122 97509 49756 71068 54816
80714 66756 97094 41577 35965 59137 64564 94726 30051 37782
27552 89457 61287 36331 1369 37741 86366 32527 92733 64972
54602 48013 42483 8040 12088 90654 19896 90825 53172 75938
75054 27419 44308 69292 97543 53410 27904 94606 19344 69712
91935 29290 10390 2353 43788 93759 8737 59153 53083 84610
1840 8699 77307 36064 14746 36900 2681 38546 37288 91767
44116 71506 82547 49546 51071 74548 93004 78775 75371 42056
82453 13702 1082 81218 66378 53216 15795 87535 25719 75388
4925 15592 87475 67340 92221 76821 35024 79899 1611 42973
83881 21090 61461 88320 54870 86607 97095 62039 1005 44520
13177 30086 83411 30746 22944 19091 58380 87013 38371 75052
2068 34507 46765 42940 99797 86920 53569 50959 15088 29706
8542 61536 68627 71917 58235 98451 22775 44623 74230 34465
66587 95612 59925 37940 53826 76828 29791 95870 49103 6574
72967 33981 4862 84663 373 87791 50790 51253 73646 227
28876 15346 64996 95971 17 17748 71929 61122 83527 72230
90818 18127 51812 75583 43802 4934 40062 33848 11138 27567
55401 78740 912 25735 48154 47512 37998 7955 68061 75791
47704 40222 4730 70581 19972 64357 31892 21054 17367 72488
58194 69671 58720 83713 88797 31461 36617 30320 81533 26150
5064 20976 1697 69551 39872 43608 53513 18884 44417 61097
26489 38668 71036 28610 916 17073 39091 7387 49648 36141
16934 67535 94918 17144 11835 32795 62967 22663 68394 1715
29612 96326 88522 62615 67475 44958 93028 50375 79874 82525
82626 54510 89909 15076 57587 48023 16503 76714 15207 77668
2307 77415 87649 92564 13369 95098 44239 29530 31959 99473
26659 71493 36219 53863 11777 4091 84395 47044 69380 86157
80066 92989 10734 4668 46701 71225 84559 68113 81727 64252
42263 64611 35369 55224 43616 42301 90959 15537 62180 28537
98945 61792 61201 87781 21767 48737 48089 82226 72410 67038
77490 5956 40354 69827 76555 20896 1109 16459 27781 17445
43368 29978 42759 39959 31889 23586 17660 14195 26891 6805
33102 64037 43771 38839 64519 12156 98788 8141 24518 91614
34520 60231 30111 14826 92445 30242 23061 90742 57998 67941
36104 27615 34747 16893 94144 67921 82454 78788 37451 46648
93532 82365 7196 74392 39095 14289 10500 4157 40505 96752
16435 55009 8036 11060 86419 44296 99055 96678 35973 17707
66616 32073 39979 12665 43401 44382 71130 81394 87267 82817
13286 73029 47491 80895 80242 21886 71446 15771 28765 83216
5778 41168 46935 47932 87306 91820 30056 24439 34424 63919
97260 36281 12806 76857 69335 31312 80044 61464 80503 76183
25481 25651 87265 4000 34091 79281 44902 32592 98274 85329
51365 95665 89358 20277 5048 72544 24094 80925 36012 22972
17035 39704 52768 7073 56308 69506 47567 79134 19468 40902
18274 59219 32266 89464 68323 50750 49500 94915 11027 98931
24357 50856 47121 4891 37989 15727 58423 33607 49991 30749
66623 80373 70288 68228 80973 86359 18146 46783 83726 38393
63777 55182 42701 21040 85579 48751 83924 19163 46321 29686
51654 76334 98594 13751 14795 41174 15575 74075 17128 4007
40450 78675 14555 34606 5696 77060 21626 29958 37360 89951
54148 49410 13853 9161 67119 3316 77499 19950 76410 99729
40774 57337 6203 39597 20864 77767 52682 43553 79026 71194
79001 85874 31671 45228 24436 20353 25649 38616 29216 59402
70554 8967 17563 79774 92782 86942 96788 73391 3025 54113
91766 40306 68812 61698 586 96487 29205 91694 53421 13768
88405 63405 23737 23635 36251 94729 74411 73819 82881 40489
43777 34073 11727 57141 54250 79776 30845 47376 64634 82737
84970 30588 4144 61411 90847 93124 41455 6712 12270 22445
4426 85952 15739 29457 68358 24441 98633 83818 58103 54353
97067 18007 96448 90823 67333 82047 71881 96762 39662 75020
82824 67627 67287 83441 58201 35135 33801 28445 54702 46246
45118 47601 86925 53188 57604 90909 26464 15599 29254 48910
35234 70780 75065 74020 72878 81609 64230 34348 89131 20970
74267 45625 67375 19672 59108 22527 72433 25197 43235 44285
74797 92975 41674 23147 9371 69750 2105 86665 98393 69137
3291 4882 72265 72883 62325 99495 4549 87051 19501 3171
77458 29202 64482 32239 27458 74313 5465 56541 63338 3844
78319 83430 75658 23734 19666 89537 66660 58388 5909 76559
76302 37567 50475 24192 75447 64709 60529 2804 31169 99966
2660 12668 33545 66322 18517 51464 19697 44327 56929 61449
72466 41665 81735 47791 626 31874 66056 42722 49376 60217
68926 74817 49923 26091 4057 78764 7095 36420 34796 7714
24100 10124 51290 49638 5744 16795 80677 88185 55753 55538
47033 58016 19588 22824 40902 6234 97777 45061 74366 64465
17055 43174 40971 66414 28921 35705 44719 19663 21278 51780
10877 62808 3150 34663 20343 25424 77583 51076 33741 35182
15932 88398 80299 31995 54614 98907 30617 53676 90204 30044
33065 7735 2011 54218 61410 70371 21005 65380 4270 25224
40844 30253 8143 93978 29818 7182 6753 4007 64971 26988
78459 87343 82166 53866 95434 15724 24178 54525 31502 29073
21451 24411 90641 10526 93477 60962 27769 85600 4587 24619
27498 8440 78221 65313 43817 65824 51001 53383 75411 85984
31986 33532 23744 10495 73836 66204 56734 39003 47020 78127
26287 3004 22590 26486 99132 49308 31570 17327 67949 37046
58662 80964 48608 93111 96228 54405 2115 82633 29807 3900
79228 91442 16930 61729 22815 90308 50820 76512 68760 77228
54970 32286 66239 11187 38956 4971 94561 19178 6508 84592
73485 16329 78365 55152 7290 35226 54293 97963 54347 28364
69629 55757 65804 98844 27756 35724 196 24878 34181 98990
37776 10345 45199 60050 8126 22293 32940 78086 50618 45625
74699 75151 87079 81104 8537 6215 76797 97019 8550 54189
70546 33371 46353 25249 83481 36639 62134 76145 45176 696
39151 48331 66305 79755 88401 73907 81280 35478 38287 79874
18994 67432 38023 65020 2887 46993 49817 28990 98880 26051
36750 48391 48293 84968 75875 94715 85206 28191 31962 86968
30699 57151 37083 92327 44467 18921 86273 97451 23409 74171
30425 20718 22825 66136 9010 21471 75593 50880 56051 36845
91681 89356 31704 41623 4498 58336 28969 5832 46187 8841
30075 17769 18957 56886 69920 69905 92731 24639 31220 44119
37086 79992 98972 94411 99012 35904 69920 20488 42406 23316
79575 27867 63806 60759 60021 54378 64555 3674 79930 43757
49324 43846 6462 70273 81501 16814 45084 71586 64769 5916
7651 36690 52700 81443 65385 30420 30535 48295 95984 73152
61664 34554 99799 45527 45740 84723 96241 8602 30331 72103
89707 65961 27664 80440 46323 3221 68010 62835 48568 59896
31927 32761 32090 34742 53502 36803 45679 85702 58442 15523
76709 93373 66969 47980 39709 57316 4266 54043 34468 56052
4216 64255 62417 89035 30128 48224 32695 73253 32860 98082
17175 43444 7302 84658 55293 37286 82454 22774 60537 67669
88978 6835 33242 23487 35390 27132 26373 48134 84882 22682
65052 70092 596 73235 16205 68238 28869 76764 14413 11994
25360 95899 89158 96413 53156 18265 22421 23453 11498 9507
84487 90166 85166 82760 65919 33573 83371 4566 73900 89035
60939 33276 50068 4397 4281 14538 67996 13064 82269 29674
52478 39104 36294 68819 34126 52638 44192 65237 18069 97651
73832 2252 75114 20951 48344 80174 12380 78389 48232 98172
92981 44538 48338 11812 41155 73228 4493 35143 689 7918
40052 49332 39493 1943 3106 8370 99493 85849 429 6523
27879 61773 11614 62019 31047 29189 30997 94752 4726 89641
6611 56894 67441 77966 5222 89035 82255 13783 81411 69685
46306 23230 62573 56247 8099 88914 16591 97746 6786 75446
30249 53544 31853 53026 19851 66048 49291 69516 92645 33534
59368 44817 64441 69046 25559 88309 81507 2314 60552 55918
63425 35570 80547 68672 17936 86433 68324 90918 73156 3299
69015 85412 4092 34754 12679 8596 86429 94271 90577 11607
60418 69880 33684 35112 21306 9657 81021 51605 63888 7193
18151 11826 86180 82969 58344 7071 75218 56165 59847 33042
81277 24036 96266 23989 12199 60627 13272 7002 21059 78939
19769 73816 77630 36356 22093 33234 50653 70328 48161 94804
88310 41103 95106 15269 455 52933 60500 39622 86239 74407
86768 91232 92827 71302 75268 26186 98776 30966 78385 40683
93406 94392 18057 6691 72412 23779 86535 24205 19960 51491
21842 80765 78706 67178 52588 65737 99404 96148 42055 59859
82742 13017 12350 41905 12674 9505 38601 33256 24376 24117
27980 25580 5067 54334 26911 85855 21888 45158 21661 90119
41064 91540 21768 76980 54591 26644 57068 15439 44526 13942
68533 81366 46836 59582 12341 6509 82450 55091 52099 95780
52088 19445 89223 67282 91284 97639 60871 34899 29862 24140
69792 26546 78935 13482 39908 58656 82690 25914 42174 85918
33646 20138 50653 73061 54962 40474 33944 56413 1325 86062
55890 42593 54873 15504 37071 22552 78746 87167 85224 68180
52678 10818 16037 96990 61449 69316 54480 39010 40936 58555
72499 67873 26699 44454 52918 2632 44842 52944 97381 8952
92877 60013 39344 34897 87630 2669 85479 23237 83387 69340
78884 71625 7540 63511 93155 50251 67969 26546 47684 80192
13424 26571 40195 70 71472 28957 10362 30387 36498 11010
40961 62219 21185 30791 44664 83856 29293 78965 76110 1951
18508 93527 93957 67327 73779 77413 91428 81610 54247 32290
58571 72486 98582 85077 75348 85975 73195 8210 94864 5890
37060 65914 90927 97685 55477 75803 86719 32929 53909 17611
61388 93394 26272 67907 10482 28607 51717 70034 79200 70492
56 40650 96651 38351 75351 74631 12884 5303 95670 99944
36014 81818 70406 31174 98881 20739 81902 18988 34524 20086
22500 7734 62351 19926 67105 36112 73314 76768 58470 32972
39331 86731 86963 49609 79990 40045 15912 31403 99220 22769
46233 53941 31920 38101 90303 78224 90048 99139 67525 67148
67070 7136 23673 745 16351 51401 51018 51936 78614 50601
52917 70960 33640 80770 36554 71782 25087 57590 55911 6287
56250 74473 95505 18497 8986 29995 46250 40310 98689 93314
3477 35628 35630 23622 77254 49180 54816 1418 40263 64077
68062 12287 82002 56932 83425 28404 55574 53397 5433 46759
6468 60598 12197 38411 48404 97623 31150 25476 83476 1880
25495 14960 9758 49432 38056 31466 29684 59169 54209 44675
53562 18392 94646 24630 99030 49446 44627 26102 6284 16812
71697 35744 88508 26055 54646 80835 69164 54043 68865 39438
42295 81515 1267 42222 81724 78596 93893 56079 42927 22951
83458 9418 66974 32482 10321 44285 47745 12579 99232 68095
36158 90530 63865 36157 27153 60282 17464 66957 66797 11483
61510 50139 21137 62079 70627 91010 61063 12441 79230 82681
72841 75037 88895 94626 65578 12237 88451 60584 18597 53813
22237 37705 595 35736 30689 37312 20488 1591 36117 31683
29570 26194 27236 36633 51948 67292 10680 49614 66364 29997
988 8054 68269 91586 85592 77321 55816 66927 16660 83299
12747 64743 34360 61638 42901 80231 57729 37003 92885 78364
5367 77881 2560 16286 41820 98484 55581 32233 39333 8451
81426 13980 78619 66705 66641 23134 90627 9869 29599 75715
61091 7710 22780 56011 49818 95867 69145 50948 65344 730
9302 56083 15579 86270 34118 97276 46424 71631 49433 2052
13025 41715 99831 82440 42983 34168 14244 48689 52551 39485
36595 43856 79893 95266 56376 1383 34383 31582 33680 48236
10973 84675 4220 78992 80634 19803 60691 5884 20124 22838
81435 28388 39191 21781 23041 8451 8916 91317 85682 99131
47877 7957 51339 50081 43394 94997 36753 12487 8175 46891
64792 80036 41717 63225 39088 35545 40714 85525 10664 18151
32876 30152 76851 70203 91985 44939 23599 45705 45566 45273
66617 3039 21710 45287 72107 82903 36840 24941 90211 70828
24719 64868 17977 12433 76523 57483 42022 78343 24400 2044
85289 75564 26607 38660 27687 54069 94944 35249 92289 66878
18718 74459 52866 33585 44251 65301 90790 66113 80371 22564
13410 63114 63142 27990 54362 70726 38917 20029 84127 5970
47928 82258 70671 99751 66991 71919 76223 50819 87054 85583
51285 19841 51117 93949 19200 50245 14422 30030 40252 71623
68162 64507 34718 57481 73277 52461 47264 91091 26832 7338
70418 91988 64816 29189 12821 3701 59946 81539 24858 32378
20426 63840 17473 6106 25390 29437 31534 32074 25699 8294
48160 67193 70519 91262 87474 685 93241 36814 38562 71347
59183 68111 69747 11345 38703 21022 9899 60970 7384 77937
44942 11746 45199 53307 25868 96229 16990 392 55026 66999
28953 92284 43312 42603 75700 4843 66234 35841 82850 21688
48100 23199 9763 82720 62408 25807 57263 67801 26151 39437
49992 32802 21647 37910 29822 62975 1073 76187 35125 85072
35720 24306 80301 57223 5173 96866 20887 54388 82622 75312
32240 70676 58513 11335 26311 35529 80516 81645 92009 63001
57511 10107 61197 44747 86283 3896 81664 11922 99513 50829
47329 60044 84085 59576 32717 34525 80334 64088 9730 18259
62028 44016 64342 49321 11523 85605 46770 27763 25188 13082
24981 80571 33432 56010 29234 79362 78518 78400 55996 14793
79552 27725 86535 75912 4629 15128 82817 75578 55295 41713
27690 98297 46006 16543 71339 57560 1381 44965 72086 62653
43791 40843 7600 77307 20356 13420 96075 20415 88792 92214
30400 34922 70475 53897 25985 69296 60340 74285 80174 37447
76275 67653 45273 50246 49470 86015 48070 6246 98337 88983
45372 15411 15740 24223 30566 20721 77221 80119 47891 95946
89176 43341 14110 59836 50581 36989 91894 47922 95838 74490
7938 87945 35607 90326 48243 62789 69824 80354 77394 42546
44744 924 93148 24377 54770 36148 57603 40031 93732 65782
72763 72637 32601 99063 91824 49706 25405 95167 17289 43005
8682 22216 98402 52870 56662 32494 54725 18812 25128 36876
70986 10859 53274 22781 81640 85132 30584 10663 8090 48588
85094 71811 1938 30157 6749 17181 61133 23119 56055 96599
12484 18312 3914 49430 37549 56345 74113 58585 58168 30209
50545 86856 79085 1975 86749 11138 17280 11447 66772 67111
85133 48304 51700 17854 72453 81772 52829 4506 34901 91601
22808 99626 53638 97490 29777 48891 39395 83336 66292 48570
9191 89437 4728 88676 35219 42603 40373 68506 86881 60437
48719 29135 15619 21119 47884 33855 24345 71810 18342 2710
27508 89143 35960 93982 75507 1275 92173 17001 58587 35572
60666 16393 26281 23679 20805 19550 71555 49440 76001 29933
70615 13045 40055 22803 2677 65899 55278 29901 44672 40939
89007 44474 31347 91180 35664 30865 7675 99651 51874 30763
25161 451 12999 86531 79514 94557 37976 62261 35519 21190
92165 81788 89741 89859 30561 19953 82257 26755 23347 38064
91991 69886 51863 62645 74346 2498 19606 35248 40045 85879
61105 61130 2488 99658 71173 44496 86607 43064 94950 88680
84114 64578 93408 9728 19133 9279 26975 62872 29602 5367
64626 73559 18197 72000 14980 30276 50189 19740 74387 19255
11536 2946 25305 95605 16956 8700 26437 98797 29250 68652
8654 18724 42241 7589 57596 66316 9860 76730 39403 8108
47311 7271 4707 77599 66072 12518 30951 18412 215 18002
17279 88455 46456 45419 81827 89765 18754 30880 98882 47909
57417 31743 46087 41014 69641 27735 7923 61165 16477 68890
75863 85019 98051 37947 60008 98604 81068 25412 27872 87932
66971 63531 78972 77671 33031 84757 78986 63992 98046 25756
84491 56607 48590 46470 55615 90484 57476 86465 61177 69740
68708 37389 6332 74799 55129 23492 97004 5300 94629 78264
78852 4854 30002 62605 14105 17576 18035 63173 89659 57208
37459 31660 27335 79023 484 4492 39897 7920 91361 72821
25551 53298 65527 29772 74068 56590 2993 79835 36338 6053
452 45051 20810 82472 79249 88871 39116 30776 55533 25318
81618 54911 35481 53282 50425 32111 9358 28758 85247 11832
26243 56439 11852 79284 14779 70423 14453 52852 94968 33679
91532 1170 70272 16175 47194 41713 97170 8496 25573 64995
80305 74576 89085 60952 88019 17613 52318 8744 41996 46012
97345 10503 30335 6023 55541 87475 21071 42972 90660 70912
11274 31114 36815 37267 11318 78991 57120 91412 75729 94881
47476 4353 94919 86754 4732 37853 83470 42546 81864 83130
40532 71715 86958 34073 32414 94868 59884 40811 13257 75696
57682 97179 83617 70213 85382 67800 42713 42162 75154 72240
27063 52895 53158 83784 54140 82490 49779 80951 71619 13977
84693 3367 14910 35492 33928 23314 18534 55823 33946 86943
67739 24203 33319 60754 59118 13297 29337 88592 48538 23124
80525 83071 75003 14304 94783 69998 16983 86258 68895 17497
35351 55445 70039 16871 68580 61233 57019 81737 24449 95328
89138 31204 37547 74438 69511 9241 58833 27053 89397 16793
3306 44772 8059 44806 51946 14062 64414 5053 92126 27447
11345 78450 42778 40040 52371 57352 26481 21519 17100 66883
66849 34272 73877 67810 96041 94836 53396 4061 46660 56074
35857 81723 68598 32711 85017 81954 72929 99350 53235 23228
32260 55782 92263 84287 75389 93689 44735 86405 44680 28844
57248 41569 36729 43453 79261 78759 20570 8936 99124 35445
27950 41748 15393 25338 3429 94173 88489 32019 44806 15362
52266 99323 50719 88208 2535 57713 97157 96742 70232 22890
84271 88173 32172 47434 58609 36419 35575 84238 95378 74652
52366 8465 74671 68974 21783 65140 34157 39636 94884 71361
41199 10402 42241 42424 8529 47030 16285 69718 30198 44208
46362 54187 88849 39207 89590 22846 76369 3326 42122 56550
6791 17849 84125 70635 7123 49882 53167 79854 67107 50918
36508 68615 54926 31327 2707 55750 58876 34278 22035 44325
21260 11433 67582 22494 57556 96741 48490 44714 62964 88171
35894 28830 91035 2017 32000 39586 34777 37510 68673 56357
50633 34755 64370 94114 29701 52003 19499 62265 76988 27743
72694 7690 28916 22731 85724 65707 53515 26550 33565 47871
96637 45123 91220 21244 65205 29333 19815 12268 25343 90891
49313 32517 30293 90904 80097 33540 6025 92690 57816 14370
14632 96992 72113 19909 75226 45609 44391 61584 89404 68910
75409 69087 41736 92383 32357 59333 59241 48629 94266 93521
25997 36541 34223 24326 24010 15906 36515 9553 60548 13852
9320 58014 62583 99208 13458 8217 33781 70797 64901 71437
76827 70065 24599 48080 8165 99975 72352 33625 20848 28456
13710 74840 10894 29070 32487 30334 97766 87490 97736 75900
81139 68150 82805 69836 46003 89332 82419 43237 45160 64372
73308 46535 49255 61447 34842 36362 18035 64333 15688 31484
88709 19294 39052 44717 56769 60471 38951 33560 22151 49433
4107 81736 66932 64262 3453 86783 33534 12184 13436 39919
94869 1467 70781 8163 88268 47791 48750 322 34760 71904
18272 66773 4266 41027 76504 17219 67992 76347 56930 25080
52623 82695 64203 62718 68365 26703 1982 11674 53087 90623
51368 65744 72491 68633 4712 69795 74302 81447 57409 93183
17638 91694 43177 17640 47049 36298 80173 52374 12457 19342
65421 8031 76689 66106 25691 51013 72140 61214 34219 26448
96998 98743 20676 17443 83892 279 90279 57894 97000 6205
86566 2007 62155 33801 13727 76073 70441 83983 85052 19123
57105 68558 61415 43993 78711 54933 4851 90002 76911 26072
75088 30474 80000 44934 11827 9098 63420 56786 34418 27646
19827 78566 85582 85170 14085 33589 79665 28833 86401 37613
45392 70070 64236 794 62947 5898 59564 92457 95420 29116
67269 85382 31575 36823 65374 53768 86425 36792 8538 15925
72519 5645 66408 46740 37348 19615 16354 38425 55879 21589
83326 20419 75429 95809 33362 93398 12936 10784 41733 84129
5064 52249 99039 21107 36815 68143 80378 39177 97244 99215
51904 4597 5178 27599 98880 61685 58195 35875 625 37914
21595 27105 77333 69840 32589 32085 38068 63303 78653 22284
95829 29786 67046 64232 74868 86724 33348 32652 76566 11012
77696 2981 29728 28416 26266 73882 86548 52840 99855 79887
54904 89138 95473 66459 24640 16025 47673 83165 41801 92095
60396 80269 42771 27127 75537 80070 90823 79979 78446 20332
94720 7198 32905 7410 89100 27112 16817 72050 84025 1033
62801 82762 30666 5865 82927 97419 27089 3667 53189 44786
23594 22283 87946 96354 39897 81425 92963 92716 10532 91921
69328 21910 81862 48411 54226 68126 46809 41609 57401 69575
88610 69170 9663 36363 65228 43689 63277 13581 73401 87835
90409 12728 76396 45464 6100 48181 19170 43668 43650 37848
14612 51504 59805 8487 49153 46671 60683 61754 29422 59170
54860 60958 82912 2361 70181 62083 85628 21031 66432 81290
81693 30804 50490 39351 98330 14313 22632 27269 12229 89487
68604 72295 63252 11406 36440 13972 39521 25996 80417 54936
63316 26969 26236 64601 22266 38879 49967 7833 24383 56287
49656 59423 68697 61897 83780 38341 36801 3284 11842 89014
46917 25861 38485 54175 28391 39235 37865 62395 26950 20661
12386 92288 31647 41351 61551 75817 50999 57744 50585 31019
91886 44902 64763 16759 97197 97555 96304 59331 10155 51462
54747 40819 50620 57919 73044 28232 89105 35863 72164 58974
90545 76923 81647 10377 70558 71107 11112 71702 70553 99922
27285 56547 89609 27174 63836 53844 37167 59078 70219 63068
16942 15433 78138 9700 3918 880 6993 59027 93169 36403
10528 23250 83222 56911 63532 52517 1415 89578 94898 24901
55071 45655 79534 30136 521 22459 74361 56439 69663 85696
68155 62918 11283 91046 80704 86330 20965 63465 35713 47010
13790 57121 1037 19398 40638 89972 72040 98018 76274 46467
59116 53039 40324 94830 51754 81886 51579 44568 46632 22566
19014 14388 92493 67573 13846 65659 64692 31730 66566 72272
45302 65301 48614 12324 73691 95465 38444 98674 55314 97298
44864 8445 85841 6056 86958 71229 72755 16784 80829 69403
82710 5870 69024 9980 28735 20550 85100 15291 24319 66557
37173 27195 65265 86234 31726 57721 97688 98868 45593 4475
18101 7001 21126 24772 19512 40205 16465 33814 98570 7690
62573 39900 43104 54380 69885 57840 51421 83865 67002 51281
74979 99890 44882 23824 72887 42125 61396 46335 60155 7431
79805 70494 5881 67238 5632 13844 55890 64451 1590 26337
28184 14342 82879 43891 89792 89766 1210 61856 12527 71607
80929 39745 16258 78159 40088 91049 42309 67448 96521 48517
89944 927 50467 43513 28078 58683 97381 25761 6919 22165
55722 66941 37475 80927 52811 60609 29929 84115 66648 50714
12965 18211 98986 62737 28651 46948 50533 84766 50831 19399
9768 16324 43783 9599 86776 6907 28157 96377 23121 20282
20482 69831 12599 47773 59475 51209 70277 50919 18367 29290
73022 25949 94238 85872 46578 44400 89859 90276 68310 68014
96943 91225 81384 34015 30315 85375 83917 1866 57180 62025
75712 93350 82886 58200 60808 927 82939 13153 63465 54622
13002 92932 67326 75836 63900 84850 11231 74836 58422 94084
50090 29673 90681 78305 31113 90971 14001 24102 96704 59864
36995 27060 87210 36578 73937 65332 3474 19384 85534 63306
29422 47224 78583 16972 69548 88679 43435 70849 19151 87538
12070 49254 63597 65868 68922 19160 91122 57983 51610 24055
38850 42168 85057 78902 77346 83667 13246 85718 5588 47733
68098 3645 11833 56983 9811 7791 20925 51865 8511 29086
48151 31011 84308 18997 33688 92042 85748 43982 74927 20141
14526 53499 91085 9416 36127 10801 67225 39261 27588 33174
62728 36821 62935 76074 8671 88525 77674 59602 98408 33029
64544 95273 8443 65492 80206 69048 12041 62799 26863 64991
27385 889 48741 19955 30505 50919 69960 82150 4123 30989
20460 4791 19031 84626 48466 69095 99679 39655 36022 15694
84653 91344 37613 27219 83092 99842 93092 20223 93087 51628
2222 92383 8446 18674 55822 36749 91178 78216 41611 9342
71734 32727 4930 64827 72593 70062 44050 25643 24868 78025
44184 56976 42425 87108 88914 54319 10612 67705 86866 39485
24306 12086 96441 71991 35343 35854 91792 56794 14526 55322
26842 63650 27080 81270 61065 64571 89826 18272 10849 98341
82254 88377 67975 28705 83808 16643 40057 57526 52340 80347
94639 45499 16514 30745 33675 91618 1552 65341 3542 55444
70223 37120 99905 11504 39774 61329 62009 73170 3308 72760
83996 29229 41123 5875 31616 6760 21339 76365 14320 67501
61831 34148 51665 23087 30392 25714 25612 87676 70907 24637
27918 52804 25808 45382 31319 68174 32660 24954 86278 75246
2267 96989 75394 72780 57108 93591 98985 25302 66376 47667
66678 30043 7032 14139 96964 98938 70327 15955 49428 94216
80124 58571 38355 46010 9388 3006 89847 42452 51120 68582
48551 10490 42832 23125 45458 41202 10089 82563 22581 92821
57570 34716 14524 43609 6526 77487 57638 35300 9805 77331
37063 77311 52992 76882 69744 24622 81405 5663 51354 31858
91006 79177 88905 1731 37438 29102 96522 35207 51096 77284
19358 37142 9892 63977 30310 74080 26888 98808 30384 76465
57672 25612 11293 11972 84195 14366 33261 20433 58389 28362
2547 14783 49034 94315 12557 1513 11623 4700 79099 71606
26993 12908 76811 54127 59788 91153 99799 36828 19173 49706
94469 63931 7690 42046 9127 27541 49458 80303 12436 22582
39285 51374 68041 16960 6078 27566 19970 65435 34759 56690
31785 56583 3063 93821 4468 66571 53288 47766 3562 87820
49375 81069 63479 63107 22985 95382 17488 29280 56078 87740
54403 77840 51298 96546 20976 21673 45726 15061 24036 12011
2570 10298 93479 81014 52563 98748 41109 82333 44137 32270
22025 65955 67650 78269 8464 24659 854 70983 50307 85366
25647 7732 73496 61189 13613 29012 88574 44172 48433 93032
82970 10841 60104 86881 70896 58971 30158 45762 12555 85441
78073 78799 94040 1775 51451 13041 79581 43754 92495 21078
22152 20336 45902 39240 62975 48570 92507 57319 21324 87105
94417 30146 20812 38731 95616 21136 4740 81616 8563 19726
55678 17841 67067 6382 63381 21397 37154 84890 15140 30811
17112 57174 14122 20894 89484 53953 34273 94876 88953 51750
59304 53296 80012 8374 94083 14103 14264 32602 70171 44160
65798 68693 99568 11191 42951 56528 33632 21992 77235 9428
16533 16031 26422 51961 98161 28362 67987 27787 17253 18434
3973 97586 46354 34481 7691 33682 87969 12620 16695 18177
34083 58019 36311 9498 22793 25396 6622 28268 85173 54298
11980 19568 43797 80260 48803 42267 37847 95440 97310 15035
57924 53841 56631 15034 40244 14220 78254 66505 45219 30346
69495 75491 54858 17208 96987 85649 16758 78130 30266 88026
812 5091 8131 99876 14909 68546 99528 62411 11317 91653
99108 74033 25278 90172 81371 59731 96089 26415 9571 67799
720 11836 2734 41773 96563 32793 72602 17084 77232 52365
43278 56481 91375 449 42854 17180 21212 93001 76336 33620
86296 50538 11789 64940 51144 21339 84227 80017 73877 39132
22060 68407 67920 51360 19584 13846 94155 54204 33813 18773
27185 86941 56795 89752 49350 8294 4478 31611 91526 66075
29359 89621 46307 88519 77225 43784 60561 21484 18781 78340
99668 51723 14995 11393 99218 52610 43233 87614 73538 43529
2861 82571 18570 61697 36306 45555 37492 50250 66311 17008
35541 13248 23419 28647 94164 70161 95284 73971 52995 79948
88018 79364 59771 25 65566 36673 65563 64952 18204 18870
23003 81849 91582 53791 14294 64737 52847 35973 87526 40389
15462 86632 77467 64312 7199 55072 69400 88877 98885 94860
18876 79180 4619 42986 45252 5265 54221 66765 9812 69356
12573 11466 91657 35049 32377 97264 17246 16295 98963 98942
38787 41593 53891 11817 99847 50286 61261 99467 79373 41153
68425 70088 73613 37119 29798 89701 26739 51825 33561 18017
18976 55840 18737 66691 15708 79152 51334 81344 46003 46166
95044 87125 91560 20024 12036 84657 93929 87564 48400 72947
34321 88877 52493 1153 39903 92527 39108 29491 65916 37804
12537 26828 36258 86244 58829 64913 88729 2937 7879 25662
25095 98240 31002 23659 3780 96066 55139 44580 26256 32056
26755 1943 13642 31552 91113 16290 72779 74844 33632 23698
665 26539 26115 4094 84262 18962 49566 48867 74919 2260
21451 8171 60527 71825 72987 2629 5603 37954 89452 69798
52387 30408 42691 76523 17986 32180 88241 68421 76553 64372
80836 70854 16316 82675 95171 13183 89666 96986 60433 56067
20567 46439 62925 96936 65398 75565 31660 54839 45431 57578
44603 24079 70931 75147 10224 60748 65800 59690 65821 12355
26509 24605 69074 95840 3407 17620 30590 10675 85401 1645
68058 66089 99328 51761 58037 62483 10540 85971 7964 85435
79852 85403 6335 46101 4019 51526 7401 4379 53189 85595
43112 91089 2524 34750 27583 82188 77156 76450 31262 49499
96905 18566 81436 72397 82296 57444 56547 44418 43375 94789
51646 76611 87974 21371 70844 76181 75078 92074 56993 55624
99142 16711 75289 53234 55584 7712 94391 31470 25504 48789
52959 16656 59768 44494 64078 65260 94925 91841 71696 51980
97693 90656 92677 9678 78342 71224 15621 50439 80212 23820
82556 55418 96902 69407 82917 26522 77419 35065 44169 13095
14550 99333 93634 35115 25037 43612 12050 74504 87353 62598
43537 5899 22681 41754 25443 33598 26062 39830 34856 6805
46671 56051 269 67587 61981 89017 30146 33486 28238 3424
9463 46154 92787 9164 55128 61303 56045 61546 18251 74066
45611 9367 47552 18916 61860 29099 57733 4264 52771 47956
53535 40683 94947 6607 26570 40192 11843 53674 34566 30042
42320 28468 4273 27627 58379 80394 40741 22166 58818 77475
11958 23114 89234 84815 73580 10989 34782 30775 83474 3914
90120 51528 59238 49006 24445 55312 8079 97155 42243 51361
49645 64691 17079 9473 49702 27247 55113 96347 57026 94269
29633 25357 3618 44304 74729 25556 98356 51541 83583 93626
14726 11664 87203 32890 11407 74733 14227 74184 5387 64494
7558 31642 68616 94626 75787 34451 57121 58032 75006 2958
12807 43977 31909 89632 98220 644 61712 52940 43209 65845
72423 65377 24488 103 54136 41976 86002 72043 52592 78420
50887 27646 8656 84902 54821 33959 71498 69620 87005 60978
49655 44505 37490 92245 90062 19533 25125 61581 24336 39980
74748 60141 99198 24404 17029 17169 45561 99536 28505 9239
53224 37303 96083 96315 5198 17155 36136 60823 51551 29230
35734 24602 20282 52450 58569 99965 51598 35035 72848 73921
39591 96909 83219 42978 55991 83220 66337 93311 62080 62663
52312 38894 36546 57869 28127 16924 81376 56077 16855 60271
20885 24298 24818 16315 14481 85617 43349 97062 20363 66213
56793 28983 95941 114 3528 46630 17743 52478 1575 26885
95567 59277 33132 91203 10870 75271 30023 77101 51442 51484
8327 11404 23989 68525 46918 33999 19981 12491 15995 47804
72517 53864 30532 52462 53481 99153 18619 79334 13057 29546
8968 62549 87107 95886 47994 14299 89299 31911 31082 26529
82217 18982 25722 53518 14737 47920 61528 34522 23257 70004
77260 89139 80015 90923 4350 56480 94137 3110 41241 62453
91241 4047 81189 52187 18289 23534 67535 56193 61971 33419
2265 80766 13051 36776 5019 33907 84431 66928 90275 87762
81474 28756 26964 17090 87025 44544 49205 63718 67930 51494
7788 74935 74750 87955 41752 62854 69478 61785 27451 53298
38359 71060 84825 56627 30025 48704 66264 92241 16637 64442
66258 88394 65582 92617 6680 19864 74451 43825 27292 49341
39860 76076 94073 98090 99217 21384 44506 83314 84795 43139
76984 81065 67824 19151 143 90181 5099 44542 58865 66714
96139 80859 42025 35999 20871 57599 57586 42393 24382 99116
11324 33942 85854 30204 60137 58538 59254 32956 44541 74772
18122 22794 83152 34204 56454 98760 66682 33097 2340 28417
47135 40031 60380 26162 80105 49736 22886 47304 62080 905
34617 13442 95975 58603 16920 66524 59960 52266 67552 96820
75524 12879 11856 40924 51146 11068 66226 80757 45451 33629
46086 38039 77966 26344 39148 6189 1550 77585 75711 16807
64712 86283 33730 24616 29847 90790 16107 9512 53182 70614
40272 29994 7094 72784 89769 26530 43439 28233 49214 50815
62697 30654 53304 58409 90881 42460 72620 70395 37498 10528
96613 62521 58040 48709 34794 39185 1299 44625 59217 30786
46830 52843 86748 98292 53196 94885 267 85403 31348 13603
46553 45510 48798 77199 70137 62685 1607 53678 11405 56647
99819 41943 95414 21349 47787 24955 29030 80991 41866 42504
68200 50708 8923 49139 90229 46159 98358 77079 94652 55942
16728 96770 99308 54189 19959 74050 46068 39216 7878 96974
29203 68989 71954 24366 69428 2779 67708 70398 55511 24231
79156 95453 5397 73198 92582 8936 60642 27321 39132 97324
53786 41637 6455 48893 40569 69621 52437 91273 82880 41316
51461 83547 18565 2829 83161 75160 17982 78034 23834 66400
826 93132 61586 59424 26376 65690 37855 31744 56503 60409
29510 76918 30259 7374 30737 18128 60159 36267 17240 61730
75319 79305 50875 78316 17987 60621 67309 77718 90184 6354
6331 96341 70989 82948 97585 100 55627 89307 57730 23725
75687 48038 7815 89740 83514 69713 43382 20146 40805 36751
90928 50091 21632 5383 19174 93895 67364 34134 28892 22524
27106 91193 68862 57386 25348 95641 39924 67333 44043 47441
80225 18622 9703 31897 99275 32008 89746 38707 64978 30698
32468 19094 50528 46186 37680 2412 75932 74158 34251 90308
41344 72847 6298 39263 85698 91255 51114 12826 55103 10219
77632 70112 15006 81038 46441 67156 71661 5416 61186 21100
95241 44315 56807 67482 19942 68684 28163 80149 22121 24412
55476 70143 85440 78450 26853 81624 95678 84178 37567 24962
77885 54895 77194 42871 35283 59223 92348 54035 85472 91061
91483 48015 97962 19553 67395 66396 6381 8945 16840 43300
81435 25696 50000 831 1819 85515 74283 95554 65031 27440
79867 97165 87725 46775 24828 12022 44779 78504 49440 58000
20155 86367 59225 81467 90879 60178 67541 25670 5566 9909
7914 61367 93646 20849 67845 77812 86449 82198 72334 27692
71247 54478 1400 53505 76881 27783 10735 33012 74991 34291
21759 59904 26806 65507 48690 76612 10624 74438 17500 95896
15351 45517 7177 935 63840 70582 98568 46412 13424 91847
37573 17957 4859 62187 49149 98409 76870 19756 92174 71192
20014 27076 22802 15611 84183 87497 26602 76633 15463 52047
13056 89526 42293 48121 8808 72978 23904 77296 45976 68965
12050 8508 96409 87403 22200 22507 29602 82698 9124 10409
21561 71031 21888 13783 49278 70023 34243 69505 67501 27015
1994 35843 51656 70774 93986 22477 90112 52805 50615 72463
13258 95238 39736 9802 55056 72212 98165 43998 17825 59219
74828 60668 41132 10319 99458 66256 58323 93880 43607 76062
67050 87449 568 65435 78429 40192 82246 31783 13532 10588
8472 13465 88475 96340 83479 13522 51958 1828 90275 88184
24963 11376 29393 2015 74684 85763 72335 43254 39871 10465
46945 46580 3783 54349 29742 52632 42123 89090 22640 37746
35848 69420 27418 31975 90405 33024 3284 90913 14444 56642
69455 16603 70651 61780 85017 50804 76725 99899 78789 54373
15022 18630 63836 47197 91769 8663 66037 19624 59800 37260
28196 77124 15973 20339 31058 35829 6209 47378 71342 97435
26193 86770 87142 86894 60616 74325 36512 7264 5428 60468
76743 61529 67072 57028 61229 38526 15948 18866 41281 11282
44410 47158 57885 19483 86708 80115 4656 49257 24305 11923
16558 79324 60055 70276 67062 16545 21473 90540 5956 80920
64838 47049 50240 29825 34991 54503 82391 18869 11051 95296
93411 45663 62577 98641 33153 45439 69750 90947 39792 74293
38988 17080 82534 47433 13668 83709 19734 97381 97510 98767
42929 92980 45798 87934 88539 57338 31714 25840 58404 14903
88502 54613 86851 28508 85129 19778 76758 10500 28837 86920
92631 1397 10905 92189 84366 56140 51578 74469 88106 96252
2744 52940 73538 92960 82138 93527 89850 22911 42937 74970
90704 78449 842 10465 11467 96743 80644 12014 70985 22384
35272 38757 41540 18361 89321 80539 35139 43993 33958 33285
7913 50009 43981 26852 70985 13137 95200 69149 971 24451
75987 931 25163 22630 2635 51719 86130 96972 13064 88297
6912 14575 84878 47348 36589 40579 4755 89909 37569 17448
16742 27369 17103 86373 89236 68760 79571 8767 40024 92946
88247 44864 36153 10332 12196 83668 85914 22310 43320 51703
32363 88160 46495 11307 66526 19009 90912 51199 26624 18077
44722 87765 68970 95729 20479 5067 54712 20481 37852 5330
6493 2816 25721 19678 88329 60834 71171 56737 7524 73152
55505 50987 44032 31370 57468 25830 55135 57847 12405 66612
42208 65133 43113 76539 51445 35315 79012 85187 96584 43893
968 5385 79707 48262 3773 5868 34806 39191 53584 62900
69549 80801 33136 20781 98623 48086 10548 52016 58937 52664
40826 5536 77654 12195 9375 48469 34766 11142 59354 79677
59966 10553 23710 3028 82082 5614 29897 76941 92007 46080
39311 26346 97397 63003 89342 75346 92478 95499 99286 84361
62640 93763 47977 94779 63031 65672 64937 99472 6721 13425
10655 80990 96875 86726 55489 42400 92293 61285 87986 5771
50776 74337 87135 74708 68370 71044 1711 61573 33433 53221
90189 84975 21599 33693 82213 42512 48193 97277 1300 99339
85764 12783 2852 60357 98805 73416 25439 13163 59275 67644
48401 34350 49231 21100 17946 30131 55128 6213 14892 9940
42285 83121 94919 39076 53570 27417 70261 61539 39855 56143
38468 54041 11492 74627 55389 69646 48151 34728 71452 11715
96718 33061 46063 30186 86188 91164 41145 65895 54221 39047
44816 2154 13370 60802 61967 37758 99649 598 29709 11735
55753 92482 96258 79360 65284 21593 86860 21897 77176 68158
16717 35038 78053 58683 39954 1760 75574 93446 708 3562
6947 66106 15429 4048 90619 64969 79984 6367 95882 46365
83415 99717 32127 1826 75894 14256 98351 6059 35499 77906
90860 40066 79213 99609 32117 50842 97454 60791 5240 68192
34454 41419 92642 73238 30059 16536 95347 97721 93053 51087
43121 19650 35004 64663 14311 95903 2093 19350 61478 75796
46026 85419 86620 59793 48243 58118 57333 18621 89713 15793
56736 98734 57704 73643 33075 13921 50492 56451 26167 55340
5465 57482 77551 26441 81365 67442 66701 18621 87734 23859
78032 55821 32972 19729 66592 56999 51265 29638 79503 97641
68607 50157 84649 31561 48477 30349 67364 73229 37281 25580
37188 49919 82172 13000 31894 23333 85950 11824 94152 23514
9741 4884 30446 11065 27266 57637 12090 84294 53964 70885
8746 27771 15667 44265 5876 39459 43818 64045 21697 82100
64493 9869 81202 274 54455 91802 40150 50380 49940 21114
45398 52645 31547 7762 91981 29655 78231 87338 35649 65537
25426 91429 60152 79277 67513 50390 16047 29216 43571 86444
99548 40066 70274 85713 64986 63637 9891 34678 49428 3177
2921 59537 23154 40467 11223 32059 74612 52393 26795 63951
12541 28212 37717 41659 32765 77499 98669 63692 47273 33262
76516 97994 41247 4669 35428 76808 99507 70369 64102 65655
39650 38688 76706 22010 64749 65527 33792 47488 50088 45738
77344 86561 40564 20205 1875 81411 73127 91261 6651 1215
32061 95030 12684 49383 68704 42712 65803 3974 85747 29040
61764 64685 53809 18902 63291 90016 75444 19106 11662 3237
15868 23236 74287 8549 9901 7902 67343 42986 79170 58092
93579 47650 66366 18446 15329 39544 54595 36184 21955 51093
13634 89496 70380 6336 34526 58568 66520 92887 74099 34532
480 3640 93698 23532 44870 76891 10064 818 6762 81263
3108 82307 3513 55466 13418 25516 20748 51422 69922 53080
11101 62891 22656 66410 36063 42809 24718 2278 33573 58751
71641 14850 29222 61529 38409 69950 40115 24420 70673 94995
22247 18034 87187 60752 84547 42238 24028 62801 38185 1388
32243 88595 89880 33975 35613 9343 76103 73041 13071 35143
98986 17539 48718 17032 11720 68350 2832 78143 70221 85519
90256 42265 45383 59602 40331 97854 32187 54546 33478 7438
50219 94031 48647 71901 90935 2263 9215 93092 2737 44611
17641 96826 24434 32662 22608 62207 81831 61767 67634 19834
70635 57548 84100 94907 8925 68270 29433 51387 47263 24905
11644 46698 91787 87951 81346 54591 19497 60747 19802 58726
79599 63746 30776 15002 78754 88165 6482 35712 36771 20939
37897 30016 325 88823 69707 21061 3815 76977 84615 82095
31472 28014 22408 35300 54665 45369 75280 18992 47142 90557
95367 10836 20083 4106 11209 64890 71758 51392 20775 77999
5081 45275 93805 82391 98745 12719 38024 95455 26228 3246
93216 30044 36838 28073 83574 68108 54016 61520 47230 76404
12255 21371 87259 65770 18212 88198 39435 71119 14341 51646
69831 46117 7602 60904 40829 22156 27424 63533 22411 24007
64893 17088 72834 86399 69950 62345 87436 46173 10031 68762
57378 37800 22270 14409 91907 22215 31338 84573 22490 34174
5321 28310 97484 45696 64209 40795 72717 74722 16093 30299
44328 32399 99228 72255 14923 45426 97386 98440 22586 65620
3862 24119 12200 81000 11066 57314 11031 1594 17421 75554
51522 23635 85471 71106 52518 88809 81369 41282 8377 88052
20758 21743 11395 92184 25563 97280 50287 51594 56346 3153
65628 58556 23852 2622 61193 66471 93651 64540 94002 58400
54482 5838 97771 89272 45003 82869 91615 1253 86800 32477
19878 45437 34259 39229 71574 60108 9405 23131 56209 26943
47898 18265 49360 60181 89283 15739 6029 30824 7192 43439
59537 29253 65201 33045 34728 53321 76165 37358 5017 47470
44054 48921 62465 11387 31458 45556 66138 5314 55188 47828
80116 93547 26712 79283 22994 75578 42719 75990 15260 53149
79269 46431 72326 77230 12101 10668 79786 10625 84413 8862
52588 2195 48894 65804 97732 45407 55119 27866 5907 51190
1750 2449 48243 8900 60119 56128 22817 94870 35196 69565
40407 11341 43937 69986 7096 3280 85057 23619 8219 68767
12999 55430 58198 60281 75981 57300 4646 43231 31698 18551
57323 51932 13400 77492 59428 55866 37153 58005 23627 91485
71364 13599 67438 56750 67910 10557 82219 90063 13302 52755
81209 772 68589 4101 75589 82254 72670 92406 65970 52852
9563 96123 70211 59656 12815 89219 60930 8763 88087 47033
60000 7664 43978 26859 69794 19503 37629 21811 19314 93903
13352 8272 1441 2246 53115 60029 69791 35330 30888 54481
57659 77474 30740 34243 93127 47971 40551 43153 24009 72174
8576 88457 53637 43716 84555 88832 57806 50591 70081 57020
90165 89455 32761 72333 26664 91294 88381 47312 74625 65982
38294 56878 72200 31176 21522 33854 98162 70390 74458 62052
64556 5906 50207 63488 68432 61104 63059 41077 27222 56550
66711 41285 66661 60966 4477 55696 28767 29265 8545 98626
97746 33294 95684 63609 68992 89178 82783 28894 29831 67341
42896 52140 11228 20981 59244 2693 92262 90972 80766 40391
8167 56446 99431 29583 73147 55509 51996 93880 99790 47793
22098 47552 77491 37772 64055 1812 1575 97090 52636 46133
42071 31614 76166 72364 55816 14566 64749 64130 40065 94494
37242 82686 86724 32665 59175 8495 2231 79880 15407 11659
32351 61426 78453 51388 52773 50629 76006 43347 16990 76801
60297 87481 84004 51171 47327 83905 58127 24935 28085 57726
8304 65195 46507 74744 77639 57151 87562 64353 76044 28719
77114 6770 4631 46565 77128 84408 16351 74046 91211 96948
3448 48651 52798 66408 20950 34252 5002 61030 22582 88659
13726 1661 19662 41448 6923 61677 75429 2843 28444 61824
15784 59803 71013 8259 63645 49617 68704 32806 43119 66435
7572 15196 10723 51893 21445 41070 31536 35907 15500 50538
6227 84800 63303 31550 62033 3401 34390 55409 35913 19588
44708 12662 23950 31376 86287 83237 2969 21620 41031 14170
40064 32327 95403 74784 56333 67802 73113 48766 81899 64445
86204 76776 12166 29511 11451 63848 62816 19925 94582 92778
90530 10520 11317 95017 94447 43827 75894 85225 48100 72063
63888 54085 62837 98193 35481 79996 75428 87438 74188 47568
40855 30656 15682 38804 66147 26357 5727 73391 66208 75625
18931 30307 4177 90702 78489 44404 46279 68833 23323 28749
74386 98331 93823 57174 5534 51889 8829 66239 22545 4389
74358 46581 61776 51698 38150 47836 48798 98096 69768 88253
91276 40307 87908 52084 54710 69974 47247 20891 46874 89151
22764 14615 27210 97031 55419 49154 78801 96029 71484 34149
24615 26609 93428 89166 69250 71459 86142 87806 23673 7317
44968 50196 94565 5772 80984 79514 34002 65392 29900 588
10127 28480 59618 70638 60956 45279 64716 90516 91514 79076
44205 22180 58825 25625 80939 69453 11905 70722 28649 4916
55759 87853 64898 61386 66309 7415 21484 81615 57334 50137
88383 59024 30949 15785 3657 5907 1269 39346 63230 81160
17650 72867 72147 60215 69515 88250 41677 8022 91677 75419
11789 41488 43740 85582 56190 27979 60900 56548 8667 22703
30437 40665 23039 38530 73430 43544 20072 28900 67085 83165
34178 72166 68972 46823 10569 48588 20849 5136 91221 4921
56525 93871 20794 91412 96894 60758 36566 73711 45205 95589
14093 19545 70620 42352 22771 87619 47549 58964 56421 45189
64912 7252 8441 38544 35511 8471 87708 24571 19894 8041
92026 78058 51531 46157 37255 2472 62904 61678 68872 54245
63069 64412 54043 29019 29105 33026 44449 38654 61731 16580
59373 94925 20622 4398 82131 21229 79117 91948 40593 89198
54421 12371 81526 95477 71768 78284 21735 68194 23429 42866
44708 19022 55672 14683 44148 1822 53205 87144 88831 74285
44301 7584 92661 47515 47893 25275 92842 93693 67322 49789
64349 54489 20191 54022 54495 17640 61792 14967 3092 81892
58670 78845 55536 95314 67379 93823 32307 93433 43337 91647
48521 2504 24860 13671 68586 96028 93502 37424 99524 10876
18319 74321 36917 2694 58356 70193 52526 98189 20439 3644
51022 8093 70157 38337 92085 35509 89452 28160 34359 84829
94317 74334 42076 83532 3961 74885 84305 80828 18897 45459
92803 64944 84769 23360 68976 18565 68080 7463 59634 13862
63132 82331 50902 63155 53205 35364 54194 29389 79899 48315
45161 59385 50932 86390 43439 37709 91873 54977 48851 44552
8780 4183 30404 87236 54688 52105 74830 96800 28024 34039
33559 63388 35350 82394 64432 7230 16917 25615 94990 78748
24396 32986 36470 7324 79117 43217 42572 98351 33676 3887
96547 34029 55089 36614 29169 43174 7017 37489 34502 73334
42742 58276 22455 23932 8889 89009 5783 59253 50656 91993
42303 42865 60763 8955 10982 62906 84742 54236 22241 27244
85341 44627 7337 32933 20484 32882 20875 62397 36160 21956
92696 63683 96092 33562 58662 77528 39292 70306 6264 55407
64598 29072 78181 50607 30550 963 61373 57699 99848 73163
57035 70090 38961 19252 94121 72888 23407 30773 43496 19300
55830 67692 68187 15331 927 64019 35640 71939 11108 27881
53773 45873 24065 18052 91691 28969 87814 56935 79688 43515
48547 4349 76714 79058 40233 98498 55574 31665 84065 27200
53436 85829 9748 1181 67201 34561 53080 95814 2722 28263
35012 803 45025 9631 14243 40663 60572 3896 12620 49287
52419 10343 10646 96383 69607 42510 99790 32687 51372 67642
53182 20151 8670 32340 7115 33612 90127 60437 53629 73708
68906 31335 99183 99233 4177 30250 14085 54668 93333 65969
52737 30728 10022 28291 50077 75571 24140 69981 60301 91149
93012 63638 52080 60243 72571 29969 40424 20499 25296 3588
7461 35427 90299 71187 51710 21943 31541 29213 39992 66387
80753 16686 89801 86488 81837 81037 32893 10836 55618 78682
3856 45022 7146 29210 39712 18657 57548 79615 92981 23409
73271 57247 89890 2078 68781 50780 36027 34441 11110 18090
55803 91187 39959 3296 6169 58634 88183 29040 5430 18133
95785 64744 5824 6417 20930 53316 88530 51662 64483 13979
82832 14781 20157 35362 52400 49717 68465 64600 51304 47715
9821 11147 62469 12246 72927 81343 36117 2147 71493 61642
8695 9055 44694 15289 70866 28819 73242 29573 80562 25585
43419 36607 51262 95392 55790 36954 63005 98932 97597 23300
28682 76896 27004 12671 4582 30633 29778 11232 85802 43615
90265 68372 88338 93643 82333 81975 77133 59904 36437 86108
43340 98277 48008 82805 753 64326 29498 61006 28024 5665
